Chromosome,Position,rsID,Reference,Alternate,Source,Filters - exomes,Filters - genomes,Consequence,Protein Consequence,Transcript Consequence,Annotation,Flags,Allele Count,Allele Number,Allele Frequency,Homozygote Count,Hemizygote Count,Allele Count African,Allele Number African,Homozygote Count African,Hemizygote Count African,Allele Count Latino,Allele Number Latino,Homozygote Count Latino,Hemizygote Count Latino,Allele Count Ashkenazi Jewish,Allele Number Ashkenazi Jewish,Homozygote Count Ashkenazi Jewish,Hemizygote Count Ashkenazi Jewish,Allele Count East Asian,Allele Number East Asian,Homozygote Count East Asian,Hemizygote Count East Asian,Allele Count European (Finnish),Allele Number European (Finnish),Homozygote Count European (Finnish),Hemizygote Count European (Finnish),Allele Count European (non-Finnish),Allele Number European (non-Finnish),Homozygote Count European (non-Finnish),Hemizygote Count European (non-Finnish),Allele Count Other,Allele Number Other,Homozygote Count Other,Hemizygote Count Other,Allele Count South Asian,Allele Number South Asian,Homozygote Count South Asian,Hemizygote Count South Asian
10,81915541,rs962558601,A,G,gnomAD Genomes,NA,PASS,c.*68T>C,,c.*68T>C,3_prime_UTR_variant,,1,31392,0.000031855249745158005,0,0,0,8710,0,0,0,848,0,0,0,290,0,0,0,1556,0,0,0,3476,0,0,1,15424,0,0,0,1088,0,0,0,0,0,0
10,81915554,rs1398717703,T,C,gnomAD Genomes,NA,PASS,c.*55A>G,,c.*55A>G,3_prime_UTR_variant,,1,31400,0.00003184713375796178,0,0,0,8710,0,0,0,848,0,0,0,290,0,0,0,1560,0,0,0,3476,0,0,1,15428,0,0,0,1088,0,0,0,0,0,0
10,81915561,rs375921939,G,A,"gnomAD Exomes,gnomAD Genomes",PASS,PASS,c.*48C>T,,c.*48C>T,3_prime_UTR_variant,,4,281682,0.000014200410391860324,0,0,4,24956,0,0,0,35198,0,0,0,10304,0,0,0,19930,0,0,0,25030,0,0,0,128642,0,0,0,7194,0,0,0,30428,0,0
10,81915565,rs1322416919,T,C,gnomAD Genomes,NA,PASS,c.*44A>G,,c.*44A>G,3_prime_UTR_variant,,1,31398,0.000031849162367029746,0,0,0,8710,0,0,0,848,0,0,0,290,0,0,0,1560,0,0,0,3476,0,0,1,15426,0,0,0,1088,0,0,0,0,0,0
10,81915570,rs376530605,T,C,gnomAD Exomes,PASS,NA,c.*39A>G,,c.*39A>G,3_prime_UTR_variant,,1,250398,0.000003993642121742186,0,0,1,16248,0,0,0,34308,0,0,0,10012,0,0,0,18372,0,0,0,21598,0,0,0,113298,0,0,0,6110,0,0,0,30452,0,0
10,81915574,rs143332492,C,T,"gnomAD Exomes,gnomAD Genomes",PASS,PASS,c.*35G>A,,c.*35G>A,3_prime_UTR_variant,,14,281818,0.00004967745140480736,0,0,3,24960,0,0,0,35198,0,0,0,10296,0,0,11,19940,0,0,0,25074,0,0,0,128702,0,0,0,7194,0,0,0,30454,0,0
10,81915575,rs540903210,G,A,gnomAD Exomes,PASS,NA,c.*34C>T,,c.*34C>T,3_prime_UTR_variant,,13,250480,0.000051900351325455125,0,0,3,16250,0,0,5,34352,0,0,0,10024,0,0,1,18378,0,0,1,21606,0,0,2,113304,0,0,0,6100,0,0,1,30466,0,0
10,81915579,rs762214872,G,A,gnomAD Exomes,PASS,NA,c.*30C>T,,c.*30C>T,3_prime_UTR_variant,,1,250734,0.000003988290379445947,0,0,0,16250,0,0,0,34406,0,0,0,10038,0,0,0,18382,0,0,0,21628,0,0,1,113404,0,0,0,6116,0,0,0,30510,0,0
10,81915579,rs762214872,G,C,gnomAD Exomes,PASS,NA,c.*30C>G,,c.*30C>G,3_prime_UTR_variant,,5,250734,0.000019941451897229734,0,0,0,16250,0,0,0,34406,0,0,0,10038,0,0,0,18382,0,0,0,21628,0,0,5,113404,0,0,0,6116,0,0,0,30510,0,0
10,81915579,rs762214872,G,T,gnomAD Genomes,NA,PASS,c.*30C>A,,c.*30C>A,3_prime_UTR_variant,,1,31408,0.00003183902190524707,0,0,0,8716,0,0,0,848,0,0,0,290,0,0,0,1560,0,0,0,3476,0,0,1,15432,0,0,0,1086,0,0,0,0,0,0
10,81915583,rs757971318,G,A,gnomAD Exomes,PASS,NA,c.*26C>T,,c.*26C>T,3_prime_UTR_variant,,1,251114,0.0000039822550714018334,0,0,0,16250,0,0,0,34558,0,0,0,10054,0,0,0,18390,0,0,1,21632,0,0,0,113526,0,0,0,6126,0,0,0,30578,0,0
10,81915585,rs779661783,C,A,gnomAD Exomes,PASS,NA,c.*24G>T,,c.*24G>T,3_prime_UTR_variant,,4,251020,0.000015934985260138636,0,0,0,16248,0,0,1,34552,0,0,0,10056,0,0,0,18392,0,0,0,21612,0,0,3,113464,0,0,0,6124,0,0,0,30572,0,0
10,81915585,rs779661783,C,T,gnomAD Exomes,PASS,NA,c.*24G>A,,c.*24G>A,3_prime_UTR_variant,,12,251020,0.000047804955780415904,0,0,0,16248,0,0,11,34552,0,0,0,10056,0,0,0,18392,0,0,0,21612,0,0,0,113464,0,0,1,6124,0,0,0,30572,0,0
10,81915585,rs779661783,C,G,gnomAD Exomes,PASS,NA,c.*24G>C,,c.*24G>C,3_prime_UTR_variant,,2,251020,0.000007967492630069318,0,0,0,16248,0,0,0,34552,0,0,0,10056,0,0,0,18392,0,0,2,21612,0,0,0,113464,0,0,0,6124,0,0,0,30572,0,0
10,81915590,rs369415003,G,C,gnomAD Exomes,PASS,NA,c.*19C>G,,c.*19C>G,3_prime_UTR_variant,,1,251244,0.000003980194551909697,0,0,0,16252,0,0,0,34574,0,0,0,10062,0,0,0,18394,0,0,0,21636,0,0,1,113586,0,0,0,6132,0,0,0,30608,0,0
10,81915596,rs781057466,C,T,gnomAD Exomes,PASS,NA,c.*13G>A,,c.*13G>A,3_prime_UTR_variant,,1,251284,0.000003979560974833256,0,0,0,16256,0,0,0,34578,0,0,0,10072,0,0,0,18394,0,0,0,21642,0,0,0,113592,0,0,0,6136,0,0,1,30614,0,0
10,81915599,rs776283120,C,T,"gnomAD Exomes,gnomAD Genomes",PASS,PASS,c.*10G>A,,c.*10G>A,3_prime_UTR_variant,,4,282732,0.000014147673415106886,0,0,0,24970,0,0,0,35438,0,0,0,10364,0,0,0,19954,0,0,1,25116,0,0,2,129052,0,0,1,7224,0,0,0,30614,0,0
10,81915605,rs200104175,C,A,"gnomAD Exomes,gnomAD Genomes",PASS,PASS,c.*4G>T,,c.*4G>T,3_prime_UTR_variant,,58,282802,0.00020509048733743042,1,0,0,24970,0,0,0,35438,0,0,39,10362,1,0,0,19954,0,0,0,25122,0,0,17,129112,0,0,2,7228,0,0,0,30616,0,0
10,81915611,rs1466594316,A,C,gnomAD Exomes,PASS,NA,p.Ter506GlyextTer41,p.Ter506GlyextTer41,c.1516T>G,stop_lost,,2,251418,0.000007954879921087591,0,0,0,16256,0,0,2,34592,0,0,0,10076,0,0,0,18394,0,0,0,21648,0,0,0,113696,0,0,0,6140,0,0,0,30616,0,0
10,81915613,rs1234740729,TC,T,gnomAD Exomes,PASS,NA,p.Asp505ThrfsTer4,p.Asp505ThrfsTer4,c.1513delG,frameshift_variant,lc_lof,1,251422,0.000003977376681435992,0,0,0,16256,0,0,0,34592,0,0,0,10076,0,0,0,18394,0,0,0,21648,0,0,1,113700,0,0,0,6140,0,0,0,30616,0,0
10,81915615,rs1349786865,A,T,gnomAD Exomes,PASS,NA,p.Asn504Lys,p.Asn504Lys,c.1512T>A,missense_variant,,1,251418,0.0000039774399605437955,0,0,0,16256,0,0,0,34592,0,0,0,10076,0,0,0,18394,0,0,0,21646,0,0,1,113698,0,0,0,6140,0,0,0,30616,0,0
10,81915620,rs190607138,C,G,gnomAD Exomes,PASS,NA,p.Gly503Arg,p.Gly503Arg,c.1507G>C,missense_variant,,2,251376,0.000007956209025523518,0,0,0,16256,0,0,2,34592,0,0,0,10076,0,0,0,18394,0,0,0,21646,0,0,0,113656,0,0,0,6140,0,0,0,30616,0,0
10,81915622,rs746152448,C,A,gnomAD Exomes,PASS,NA,p.Gly502Val,p.Gly502Val,c.1505G>T,missense_variant,,2,251378,0.000007956145724765095,0,0,0,16256,0,0,0,34592,0,0,0,10076,0,0,0,18394,0,0,0,21646,0,0,1,113658,0,0,1,6140,0,0,0,30616,0,0
10,81915625,rs1468981421,C,A,gnomAD Exomes,PASS,NA,p.Cys501Phe,p.Cys501Phe,c.1502G>T,missense_variant,,2,251370,0.000007956398933842544,0,0,0,16256,0,0,0,34592,0,0,0,10076,0,0,0,18394,0,0,0,21648,0,0,2,113650,0,0,0,6138,0,0,0,30616,0,0
10,81915627,rs772154973,G,A,gnomAD Exomes,PASS,NA,p.Ile500Ile,c.1500C>T(p.=),c.1500C>T,synonymous_variant,,1,251352,0.00000397848435659951,0,0,0,16256,0,0,0,34592,0,0,0,10076,0,0,0,18394,0,0,1,21646,0,0,0,113632,0,0,0,6140,0,0,0,30616,0,0
10,81915628,rs764508534,ATCT,A,gnomAD Exomes,PASS,NA,p.Lys499del,p.Lys499del,c.1496_1498delAGA,inframe_deletion,,1,251378,0.000003978072862382547,0,0,0,16256,0,0,0,34592,0,0,0,10076,0,0,0,18394,0,0,0,21648,0,0,1,113656,0,0,0,6140,0,0,0,30616,0,0
10,81915634,rs200609038,A,G,gnomAD Exomes,PASS,NA,p.Leu498Pro,p.Leu498Pro,c.1493T>C,missense_variant,,1,251312,0.000003979117590883046,0,0,0,16256,0,0,0,34592,0,0,0,10078,0,0,0,18394,0,0,0,21648,0,0,1,113588,0,0,0,6140,0,0,0,30616,0,0
10,81915636,rs1175162375,C,G,gnomAD Exomes,PASS,NA,p.Leu497Leu,c.1491G>C(p.=),c.1491G>C,synonymous_variant,,1,251270,0.000003979782703864369,0,0,0,16256,0,0,0,34592,0,0,0,10078,0,0,1,18394,0,0,0,21648,0,0,0,113546,0,0,0,6140,0,0,0,30616,0,0
10,81915636,rs1175162375,C,T,gnomAD Genomes,NA,PASS,p.Leu497Leu,c.1491G>A(p.=),c.1491G>A,synonymous_variant,,1,31404,0.00003184307731499172,0,0,1,8710,0,0,0,848,0,0,0,290,0,0,0,1560,0,0,0,3476,0,0,0,15432,0,0,0,1088,0,0,0,0,0,0
10,81915638,rs1442504441,G,A,gnomAD Genomes,NA,PASS,p.Leu497Leu,c.1489C>T(p.=),c.1489C>T,synonymous_variant,,1,31410,0.00003183699458771092,0,0,0,8716,0,0,0,848,0,0,0,290,0,0,1,1560,0,0,0,3476,0,0,0,15432,0,0,0,1088,0,0,0,0,0,0
10,81915640,rs1412449102,A,C,"gnomAD Exomes,gnomAD Genomes",PASS,PASS,p.Ile496Ser,p.Ile496Ser,c.1487T>G,missense_variant,,2,282634,0.000007076289476849919,0,0,0,24966,0,0,0,35440,0,0,0,10368,0,0,0,19954,0,0,1,25124,0,0,0,128938,0,0,1,7228,0,0,0,30616,0,0
10,81915645,rs1458685393,C,T,"gnomAD Exomes,gnomAD Genomes",PASS,PASS,p.Arg494Arg,c.1482G>A(p.=),c.1482G>A,synonymous_variant,,2,282518,0.000007079194953949837,0,0,2,24972,0,0,0,35440,0,0,0,10368,0,0,0,19954,0,0,0,25124,0,0,0,128818,0,0,0,7226,0,0,0,30616,0,0
10,81915646,rs1318489141,C,T,gnomAD Exomes,PASS,NA,p.Arg494Gln,p.Arg494Gln,c.1481G>A,missense_variant,,2,251102,0.000007964890761523206,0,0,0,16256,0,0,1,34592,0,0,0,10078,0,0,0,18394,0,0,0,21648,0,0,0,113380,0,0,0,6138,0,0,1,30616,0,0
10,81915647,rs747039260,G,A,"gnomAD Exomes,gnomAD Genomes",PASS,PASS,p.Arg494Trp,p.Arg494Trp,c.1480C>T,missense_variant,,4,282448,0.000014161898827394777,0,0,0,24970,0,0,0,35440,0,0,0,10368,0,0,0,19954,0,0,0,25120,0,0,4,128754,0,0,0,7226,0,0,0,30616,0,0
10,81915654,rs769304031,C,T,gnomAD Exomes,PASS,NA,p.Gly491Gly,c.1473G>A(p.=),c.1473G>A,synonymous_variant,,1,250912,0.0000039854610381328915,0,0,0,16256,0,0,1,34592,0,0,0,10078,0,0,0,18394,0,0,0,21648,0,0,0,113192,0,0,0,6136,0,0,0,30616,0,0
10,81915656,rs777207980,C,T,"gnomAD Exomes,gnomAD Genomes",PASS,PASS,p.Gly491Arg,p.Gly491Arg,c.1471G>A,missense_variant,,4,282242,0.000014172235174070479,0,0,0,24968,0,0,0,35440,0,0,0,10368,0,0,4,19954,0,0,0,25118,0,0,0,128554,0,0,0,7224,0,0,0,30616,0,0
10,81915661,rs762218493,G,C,gnomAD Exomes,PASS,NA,p.Thr489Ser,p.Thr489Ser,c.1466C>G,missense_variant,,1,250690,0.000003988990386533168,0,0,1,16256,0,0,0,34592,0,0,0,10078,0,0,0,18394,0,0,0,21648,0,0,0,112972,0,0,0,6134,0,0,0,30616,0,0
10,81915662,rs765688945,T,A,gnomAD Exomes,PASS,NA,p.Thr489Ser,p.Thr489Ser,c.1465A>T,missense_variant,,1,250680,0.00000398914951332376,0,0,1,16256,0,0,0,34586,0,0,0,10078,0,0,0,18388,0,0,0,21648,0,0,0,112984,0,0,0,6130,0,0,0,30610,0,0
10,81915676,rs773424974,C,T,gnomAD Exomes,PASS,NA,c.1459-8G>A,,c.1459-8G>A,splice_region_variant,,1,250406,0.000003993514532399383,0,0,0,16256,0,0,0,34590,0,0,0,10068,0,0,0,18394,0,0,0,21648,0,0,0,112702,0,0,0,6132,0,0,1,30616,0,0
10,81915678,,G,A,gnomAD Exomes,PASS,NA,c.1459-10C>T,,c.1459-10C>T,intron_variant,,1,250326,0.0000039947907928061805,0,0,1,16256,0,0,0,34588,0,0,0,10070,0,0,0,18394,0,0,0,21648,0,0,0,112622,0,0,0,6132,0,0,0,30616,0,0
10,81915682,rs1331698850,CAAGG,C,gnomAD Exomes,PASS,NA,c.1459-18_1459-15delCCTT,,c.1459-18_1459-15delCCTT,intron_variant,,2,250246,0.000007992135738433381,0,0,0,16254,0,0,0,34588,0,0,0,10068,0,0,0,18394,0,0,0,21648,0,0,2,112550,0,0,0,6128,0,0,0,30616,0,0
10,81915686,rs762705669,G,A,"gnomAD Exomes,gnomAD Genomes",PASS,PASS,c.1459-18C>T,,c.1459-18C>T,intron_variant,,7,281454,0.00002487084923291195,0,0,7,24968,0,0,0,35438,0,0,0,10358,0,0,0,19954,0,0,0,25116,0,0,0,127788,0,0,0,7216,0,0,0,30616,0,0
10,81915689,rs765906318,G,T,gnomAD Exomes,PASS,NA,c.1459-21C>A,,c.1459-21C>A,intron_variant,,2,249990,0.000008000320012800513,0,0,0,16254,0,0,0,34592,0,0,0,10070,0,0,0,18394,0,0,0,21644,0,0,0,112292,0,0,0,6128,0,0,2,30616,0,0
10,81915689,rs765906318,G,A,gnomAD Exomes,PASS,NA,c.1459-21C>T,,c.1459-21C>T,intron_variant,,2,249990,0.000008000320012800513,0,0,0,16254,0,0,0,34592,0,0,0,10070,0,0,0,18394,0,0,0,21644,0,0,2,112292,0,0,0,6128,0,0,0,30616,0,0
10,81915695,rs928322155,C,T,gnomAD Exomes,PASS,NA,c.1459-27G>A,,c.1459-27G>A,intron_variant,,3,249738,0.000012012589193474762,0,0,0,16254,0,0,2,34592,0,0,0,10068,0,0,0,18394,0,0,0,21636,0,0,1,112064,0,0,0,6120,0,0,0,30610,0,0
10,81915696,rs751091287,G,A,gnomAD Exomes,PASS,NA,c.1459-28C>T,,c.1459-28C>T,intron_variant,,2,249654,0.00000801108734488532,0,0,0,16254,0,0,0,34588,0,0,0,10064,0,0,0,18394,0,0,0,21634,0,0,2,111988,0,0,0,6122,0,0,0,30610,0,0
10,81915704,rs78664479,A,T,"gnomAD Exomes,gnomAD Genomes",PASS,PASS,c.1459-36T>A,,c.1459-36T>A,intron_variant,,443,280656,0.0015784447865001996,3,0,391,24954,3,0,41,35430,0,0,0,10348,0,0,0,19952,0,0,0,25100,0,0,5,127064,0,0,6,7206,0,0,0,30602,0,0
10,81915705,rs867436516,G,A,gnomAD Exomes,PASS,NA,c.1459-37C>T,,c.1459-37C>T,intron_variant,,1,249264,0.000004011810770909558,0,0,0,16254,0,0,1,34580,0,0,0,10056,0,0,0,18394,0,0,0,21618,0,0,0,111648,0,0,0,6118,0,0,0,30596,0,0
10,81915707,rs767010177,G,A,gnomAD Exomes,PASS,NA,c.1459-39C>T,,c.1459-39C>T,intron_variant,,1,249154,0.000004013581961357233,0,0,0,16250,0,0,0,34576,0,0,0,10052,0,0,1,18394,0,0,0,21618,0,0,0,111558,0,0,0,6112,0,0,0,30594,0,0
10,81915708,rs1252221917,A,G,gnomAD Exomes,PASS,NA,c.1459-40T>C,,c.1459-40T>C,intron_variant,,1,249176,0.000004013227598163547,0,0,0,16252,0,0,0,34580,0,0,0,10056,0,0,0,18394,0,0,0,21618,0,0,0,111566,0,0,1,6112,0,0,0,30598,0,0
10,81915709,rs752690669,C,T,gnomAD Exomes,PASS,NA,c.1459-41G>A,,c.1459-41G>A,intron_variant,,3,248872,0.000012054389404995339,0,0,0,16250,0,0,0,34568,0,0,0,10026,0,0,0,18392,0,0,0,21616,0,0,0,111350,0,0,0,6102,0,0,3,30568,0,0
10,81915710,rs755985045,A,G,gnomAD Exomes,PASS,NA,c.1459-42T>C,,c.1459-42T>C,intron_variant,,1,248914,0.000004017451810665531,0,0,0,16246,0,0,1,34568,0,0,0,10036,0,0,0,18388,0,0,0,21610,0,0,0,111400,0,0,0,6100,0,0,0,30566,0,0
10,81915719,rs777665525,C,T,"gnomAD Exomes,gnomAD Genomes",PASS,PASS,c.1459-51G>A,,c.1459-51G>A,intron_variant,,4,279894,0.000014291124497131057,0,0,0,24952,0,0,2,35406,0,0,0,10270,0,0,0,19952,0,0,0,25038,0,0,2,126578,0,0,0,7182,0,0,0,30516,0,0
10,81915720,rs748998938,A,G,gnomAD Exomes,PASS,NA,c.1459-52T>C,,c.1459-52T>C,intron_variant,,2,248574,0.000008045893778110342,0,0,0,16244,0,0,0,34576,0,0,0,10014,0,0,0,18384,0,0,0,21578,0,0,2,111158,0,0,0,6098,0,0,0,30522,0,0
10,81916117,rs1166219785,G,A,"gnomAD Exomes,gnomAD Genomes",PASS,PASS,c.1459-449C>T,,c.1459-449C>T,intron_variant,,2,177262,0.00001128273403211066,0,0,2,15478,0,0,0,24800,0,0,0,8418,0,0,0,12208,0,0,0,20120,0,0,0,69040,0,0,0,5316,0,0,0,21882,0,0
10,81916121,rs566659894,C,T,"gnomAD Exomes,gnomAD Genomes",PASS,PASS,c.1459-453G>A,,c.1459-453G>A,intron_variant,,100,178548,0.0005600734816407913,0,0,2,15530,0,0,18,25104,0,0,0,8496,0,0,0,12254,0,0,1,20194,0,0,69,69542,0,0,6,5368,0,0,4,22060,0,0
10,81916122,rs1457063713,C,A,gnomAD Exomes,PASS,NA,c.1459-454G>T,,c.1459-454G>T,intron_variant,,1,147480,0.000006780580417683753,0,0,0,6820,0,0,0,24272,0,0,0,8238,0,0,0,10712,0,0,0,16744,0,0,1,54288,0,0,0,4284,0,0,0,22122,0,0
10,81916125,rs563613995,T,C,"gnomAD Exomes,gnomAD Genomes",PASS,PASS,c.1459-457A>G,,c.1459-457A>G,intron_variant,,12,179356,0.00006690604161555788,0,0,2,15550,0,0,1,25140,0,0,0,8568,0,0,0,12270,0,0,0,20240,0,0,9,69954,0,0,0,5408,0,0,0,22226,0,0
10,81916129,rs943412254,C,T,gnomAD Exomes,PASS,NA,c.*31+5G>A,,c.*31+5G>A,splice_region_variant,,3,148194,0.000020243734564152393,0,0,0,6870,0,0,0,24292,0,0,0,8292,0,0,0,10704,0,0,0,16790,0,0,3,54730,0,0,0,4314,0,0,0,22202,0,0
10,81916130,rs1408425413,T,C,gnomAD Exomes,PASS,NA,c.*31+4A>G,,c.*31+4A>G,splice_region_variant,,1,148360,0.0000067403612833647884,0,0,0,6872,0,0,0,24320,0,0,0,8300,0,0,1,10702,0,0,0,16798,0,0,0,54796,0,0,0,4328,0,0,0,22244,0,0
10,81916142,rs1288260277,T,C,gnomAD Exomes,PASS,NA,c.*23A>G,,c.*23A>G,3_prime_UTR_variant,,1,149728,0.000006678777516563368,0,0,0,6950,0,0,0,24506,0,0,0,8372,0,0,0,10744,0,0,0,16854,0,0,0,55482,0,0,0,4362,0,0,1,22458,0,0
10,81916148,rs1230540476,C,T,gnomAD Exomes,PASS,NA,c.*17G>A,,c.*17G>A,3_prime_UTR_variant,,1,149598,0.000006684581344670383,0,0,0,6896,0,0,0,24506,0,0,0,8360,0,0,0,10756,0,0,0,16848,0,0,1,55406,0,0,0,4344,0,0,0,22482,0,0
10,81916150,rs201220094,C,T,"gnomAD Exomes,gnomAD Genomes",PASS,PASS,c.*15G>A,,c.*15G>A,3_prime_UTR_variant,,24,181140,0.0001324942033786022,0,0,0,15610,0,0,0,25366,0,0,0,8664,0,0,0,12314,0,0,0,20322,0,0,23,70936,0,0,0,5438,0,0,1,22490,0,0
10,81916151,rs1380250180,G,A,gnomAD Genomes,NA,PASS,c.*14C>T,,c.*14C>T,3_prime_UTR_variant,,1,31394,0.00003185322036057845,0,0,0,8708,0,0,0,848,0,0,0,290,0,0,0,1560,0,0,0,3470,0,0,1,15430,0,0,0,1088,0,0,0,0,0,0
10,81916160,rs1206113479,C,A,gnomAD Exomes,PASS,NA,c.*5G>T,,c.*5G>T,3_prime_UTR_variant,,1,150044,0.000006664711684572525,0,0,0,6912,0,0,0,24556,0,0,0,8390,0,0,0,10774,0,0,0,16860,0,0,1,55670,0,0,0,4354,0,0,0,22528,0,0
10,81916162,rs1277088384,T,C,gnomAD Exomes,PASS,NA,c.*3A>G,,c.*3A>G,3_prime_UTR_variant,,2,150144,0.000013320545609548167,0,0,0,6926,0,0,0,24554,0,0,0,8396,0,0,2,10776,0,0,0,16878,0,0,0,55720,0,0,0,4364,0,0,0,22530,0,0
10,81916172,rs1483912036,T,C,gnomAD Exomes,PASS,NA,p.Asn147Ser,p.Asn147Ser,c.439A>G,missense_variant,,2,150472,0.000013291509383805625,0,0,0,6980,0,0,2,24574,0,0,0,8400,0,0,0,10780,0,0,0,16920,0,0,0,55914,0,0,0,4380,0,0,0,22524,0,0
10,81916176,rs529168587,C,T,"gnomAD Exomes,gnomAD Genomes",PASS,PASS,p.Gly146Arg,p.Gly146Arg,c.435G>A,missense_variant,,142,181976,0.0007803226799138348,1,0,1,15704,0,0,6,25438,1,0,0,8694,0,0,0,12340,0,0,93,20412,0,0,35,71384,0,0,7,5474,0,0,0,22530,0,0
10,81916180,rs548317462,C,T,"gnomAD Exomes,gnomAD Genomes",PASS,PASS,p.Val144Val,c.431G>A(p.=),c.431G>A,synonymous_variant,,46,182094,0.00025261678034421784,0,0,1,15720,0,0,0,25450,0,0,0,8696,0,0,7,12340,0,0,0,20424,0,0,5,71444,0,0,0,5490,0,0,33,22530,0,0
10,81916183,rs150824921,C,G,gnomAD Exomes,PASS,NA,p.Arg143Ser,p.Arg143Ser,c.428G>C,missense_variant,,1,150854,0.000006628925981412492,0,0,0,7046,0,0,0,24608,0,0,0,8410,0,0,0,10780,0,0,0,16970,0,0,0,56094,0,0,0,4414,0,0,1,22532,0,0
10,81916183,rs150824921,C,T,"gnomAD Exomes,gnomAD Genomes",PASS,PASS,p.Arg143Arg,c.428G>A(p.=),c.428G>A,synonymous_variant,,65,182246,0.00035666077719126893,0,0,62,15752,0,0,2,25456,0,0,0,8700,0,0,0,12340,0,0,0,20442,0,0,1,71524,0,0,0,5500,0,0,0,22532,0,0
10,81916197,rs1035633410,G,A,"gnomAD Exomes,gnomAD Genomes",PASS,PASS,p.Leu139Phe,p.Leu139Phe,c.414C>T,missense_variant,,3,182498,0.000016438536312726716,0,0,3,15800,0,0,0,25464,0,0,0,8702,0,0,0,12344,0,0,0,20492,0,0,0,71652,0,0,0,5514,0,0,0,22530,0,0
10,81916199,rs773654807,G,A,"gnomAD Exomes,gnomAD Genomes",PASS,PASS,p.Ala138Val,p.Ala138Val,c.412C>T,missense_variant,,6,182518,0.000032873470013916434,0,0,0,15804,0,0,0,25464,0,0,0,8702,0,0,4,12340,0,0,0,20502,0,0,1,71656,0,0,1,5516,0,0,0,22534,0,0
10,81916200,rs763177502,C,T,gnomAD Exomes,PASS,NA,p.Ala138Thr,p.Ala138Thr,c.411G>A,missense_variant,,2,151134,0.000013233289663477444,0,0,0,7098,0,0,0,24618,0,0,0,8410,0,0,0,10784,0,0,0,17032,0,0,0,56230,0,0,0,4428,0,0,2,22534,0,0
10,81916200,rs763177502,C,G,gnomAD Exomes,PASS,NA,p.Ala138Pro,p.Ala138Pro,c.411G>C,missense_variant,,1,151134,0.000006616644831738722,0,0,0,7098,0,0,0,24618,0,0,0,8410,0,0,0,10784,0,0,0,17032,0,0,1,56230,0,0,0,4428,0,0,0,22534,0,0
10,81916211,rs538964075,G,T,"gnomAD Exomes,gnomAD Genomes",PASS,PASS,p.Ala134Asp,p.Ala134Asp,c.400C>A,missense_variant,,4,182500,0.000021917808219178083,0,0,0,15802,0,0,0,25464,0,0,0,8702,0,0,0,12344,0,0,0,20500,0,0,4,71642,0,0,0,5518,0,0,0,22528,0,0
10,81916212,rs1428200599,C,T,gnomAD Exomes,PASS,NA,p.Ala134Thr,p.Ala134Thr,c.399G>A,missense_variant,,1,151134,0.000006616644831738722,0,0,0,7096,0,0,0,24618,0,0,0,8408,0,0,0,10784,0,0,0,17028,0,0,1,56238,0,0,0,4430,0,0,0,22532,0,0
10,81916218,rs1307748197,C,T,gnomAD Exomes,PASS,NA,p.Glu132Lys,p.Glu132Lys,c.393G>A,missense_variant,,1,151078,0.000006619097419875826,0,0,0,7086,0,0,0,24618,0,0,0,8408,0,0,0,10782,0,0,0,17014,0,0,0,56208,0,0,0,4428,0,0,1,22534,0,0
10,81916219,rs1360113109,C,T,gnomAD Exomes,PASS,NA,p.Leu131Leu,c.392G>A(p.=),c.392G>A,synonymous_variant,,1,151100,0.0000066181336863004636,0,0,0,7096,0,0,0,24618,0,0,0,8408,0,0,0,10782,0,0,0,17014,0,0,1,56224,0,0,0,4426,0,0,0,22532,0,0
10,81916221,rs1450763728,G,C,"gnomAD Exomes,gnomAD Genomes",PASS,PASS,p.Leu131Val,p.Leu131Val,c.390C>G,missense_variant,,4,182416,0.00002192790106131041,0,0,0,15788,0,0,0,25456,0,0,0,8698,0,0,4,12340,0,0,0,20476,0,0,0,71616,0,0,0,5510,0,0,0,22532,0,0
10,81916223,rs1282964873,T,C,gnomAD Exomes,PASS,NA,p.His130Arg,p.His130Arg,c.388A>G,missense_variant,,1,151054,0.000006620149085757411,0,0,0,7076,0,0,0,24610,0,0,0,8404,0,0,0,10780,0,0,0,17020,0,0,1,56208,0,0,0,4424,0,0,0,22532,0,0
10,81916229,rs202013833,T,C,"gnomAD Exomes,gnomAD Genomes",PASS,PASS,p.Tyr128Cys,p.Tyr128Cys,c.382A>G,missense_variant,,172,182338,0.0009433030964472573,0,0,5,15790,0,0,3,25456,0,0,0,8692,0,0,0,12342,0,0,48,20468,0,0,110,71548,0,0,6,5512,0,0,0,22530,0,0
10,81916234,rs752122601,T,TGCTGGC,gnomAD Exomes,PASS,NA,p.Pro125_Ala126dup,p.Pro125_Ala126dup,c.371_376dupGCCAGC,inframe_insertion,,6,150780,0.00003979307600477517,0,0,0,7054,0,0,0,24594,0,0,0,8396,0,0,0,10776,0,0,0,16986,0,0,0,56052,0,0,1,4412,0,0,5,22510,0,0
10,81916252,rs1340239509,A,G,gnomAD Exomes,PASS,NA,c.359T>C,c.359T>C(p.=),c.359T>C,splice_region_variant,,1,148036,0.0000067551136210111055,0,0,0,6908,0,0,0,24164,0,0,0,8348,0,0,0,10588,0,0,0,16838,0,0,1,54998,0,0,0,4320,0,0,0,21872,0,0
10,81916258,rs773926815,T,A,gnomAD Exomes,PASS,NA,c.357-4A>T,,c.357-4A>T,splice_region_variant,lcr,2,146496,0.000013652249890782001,0,0,0,6846,0,0,0,23856,0,0,0,8310,0,0,0,10482,0,0,0,16764,0,0,0,54514,0,0,0,4250,0,0,2,21474,0,0
10,81916258,rs773926815,T,C,gnomAD Exomes,PASS,NA,c.357-4A>G,,c.357-4A>G,splice_region_variant,lcr,1,146496,0.0000068261249453910005,0,0,0,6846,0,0,1,23856,0,0,0,8310,0,0,0,10482,0,0,0,16764,0,0,0,54514,0,0,0,4250,0,0,0,21474,0,0
10,81916263,rs757776061,AATT,A,gnomAD Exomes,PASS,NA,c.1459-598_1459-596delAAT,,c.1459-598_1459-596delAAT,intron_variant,lcr,1,145122,0.000006890753986301181,0,0,0,6816,0,0,0,23510,0,0,0,8250,0,0,0,10376,0,0,0,16728,0,0,1,53990,0,0,0,4218,0,0,0,21234,0,0
10,81916268,rs1442812999,T,C,gnomAD Exomes,PASS,NA,c.1459-600A>G,,c.1459-600A>G,intron_variant,lcr,1,142734,0.0000070060392057953954,0,0,0,6692,0,0,0,23094,0,0,0,8166,0,0,0,10156,0,0,0,16536,0,0,1,53180,0,0,0,4144,0,0,0,20766,0,0
10,81916271,rs113663129,A,C,gnomAD Exomes,PASS,NA,c.1459-603T>G,,c.1459-603T>G,intron_variant,lcr,19,126140,0.00015062628825114952,0,0,0,6320,0,0,0,19466,0,0,0,7610,0,0,2,8858,0,0,3,15644,0,0,7,47964,0,0,1,3574,0,0,6,16704,0,0
10,81916271,rs113663129,ACT,A,gnomAD Exomes,PASS,NA,c.1459-605_1459-604delAG,,c.1459-605_1459-604delAG,intron_variant,lcr,22,126140,0.00017440938639606786,0,0,19,6320,0,0,3,19466,0,0,0,7610,0,0,0,8858,0,0,0,15644,0,0,0,47964,0,0,0,3574,0,0,0,16704,0,0
10,81916271,rs113663129,ACTCT,A,gnomAD Exomes,PASS,NA,c.1459-607_1459-604delAGAG,,c.1459-607_1459-604delAGAG,intron_variant,lcr,1,126140,0.000007927699381639449,0,0,0,6320,0,0,0,19466,0,0,0,7610,0,0,0,8858,0,0,0,15644,0,0,1,47964,0,0,0,3574,0,0,0,16704,0,0
10,81916276,rs756243438,C,CT,"gnomAD Exomes,gnomAD Genomes",PASS,PASS,c.1459-609dupA,,c.1459-609dupA,intron_variant,lcr,10826,76636,0.14126520173286705,4,0,602,10726,0,0,1785,7674,0,0,623,2820,0,0,803,5164,0,0,838,8598,0,0,4532,33232,4,0,331,2282,0,0,1312,6140,0,0
10,81916276,rs756243438,C,CTT,gnomAD Exomes,PASS,NA,c.1459-610_1459-609dupAA,,c.1459-610_1459-609dupAA,intron_variant,lcr,76,48698,0.0015606390406176845,0,0,4,2354,0,0,16,7084,0,0,3,2574,0,0,3,3634,0,0,11,6468,0,0,32,19038,0,0,2,1406,0,0,5,6140,0,0
10,81916276,rs756243438,CT,C,gnomAD Exomes,PASS,NA,c.1459-609delA,,c.1459-609delA,intron_variant,lcr,5179,48698,0.10634933672840774,0,0,214,2354,0,0,878,7084,0,0,305,2574,0,0,356,3634,0,0,417,6468,0,0,2024,19038,0,0,168,1406,0,0,817,6140,0,0
10,81916276,rs756243438,CTT,C,gnomAD Exomes,PASS,NA,c.1459-610_1459-609delAA,,c.1459-610_1459-609delAA,intron_variant,lcr,34,48698,0.0006981806234342273,0,0,1,2354,0,0,10,7084,0,0,1,2574,0,0,1,3634,0,0,0,6468,0,0,13,19038,0,0,2,1406,0,0,6,6140,0,0
10,81916276,rs756243438,CTTT,C,"gnomAD Exomes,gnomAD Genomes",PASS,PASS,c.1459-611_1459-609delAAA,,c.1459-611_1459-609delAAA,intron_variant,lcr,337,76636,0.004397411138368391,3,0,2,10726,0,0,3,7674,0,0,0,2820,0,0,325,5164,3,0,0,8598,0,0,1,33232,0,0,5,2282,0,0,1,6140,0,0
10,81916278,rs759175942,T,C,gnomAD Exomes,PASS,NA,c.1459-610A>G,,c.1459-610A>G,intron_variant,lcr,2,70216,0.000028483536515893813,0,0,0,3240,0,0,0,9658,0,0,0,4034,0,0,0,4684,0,0,0,10310,0,0,1,26500,0,0,0,1910,0,0,1,9880,0,0
10,81916280,rs1235699707,T,C,gnomAD Exomes,PASS,NA,c.1459-612A>G,,c.1459-612A>G,intron_variant,lcr,1,143654,0.0000069611705904464895,0,0,0,6636,0,0,0,23516,0,0,0,8166,0,0,0,9828,0,0,0,16238,0,0,1,53510,0,0,0,4158,0,0,0,21602,0,0
10,81916286,rs1443471689,T,C,"gnomAD Exomes,gnomAD Genomes",PASS,PASS,c.1459-618A>G,,c.1459-618A>G,intron_variant,lcr,3,174514,0.00001719059788899458,0,0,2,15292,0,0,0,24478,0,0,0,8432,0,0,0,11982,0,0,0,19120,0,0,1,68294,0,0,0,5232,0,0,0,21684,0,0
10,81916287,rs767063414,T,G,"gnomAD Exomes,gnomAD Genomes",PASS,PASS,c.1459-619A>C,,c.1459-619A>C,intron_variant,,22,172742,0.00012735756214470135,0,0,1,15246,0,0,0,24428,0,0,0,8334,0,0,0,11954,0,0,0,18658,0,0,20,67508,0,0,1,5178,0,0,0,21436,0,0
10,81916292,rs1391496253,C,T,"gnomAD Exomes,gnomAD Genomes",PASS,PASS,c.1459-624G>A,,c.1459-624G>A,intron_variant,,7,170860,0.0000409692145616294,0,0,1,15034,0,0,3,24378,0,0,1,8278,0,0,0,11968,0,0,0,18036,0,0,2,66608,0,0,0,5130,0,0,0,21428,0,0
10,81916293,rs111359123,G,A,"gnomAD Exomes,gnomAD Genomes",PASS,PASS,c.1459-625C>T,,c.1459-625C>T,intron_variant,,69,170360,0.0004050246536745715,0,0,59,14992,0,0,3,24476,0,0,0,8266,0,0,3,11968,0,0,1,17876,0,0,1,66274,0,0,1,5132,0,0,1,21376,0,0
10,81916295,rs1426251162,A,G,gnomAD Exomes,PASS,NA,c.1459-627T>C,,c.1459-627T>C,intron_variant,,1,140548,0.000007115006972706833,0,0,0,6504,0,0,0,23734,0,0,0,8044,0,0,1,10476,0,0,0,14598,0,0,0,51624,0,0,0,4080,0,0,0,21488,0,0
10,81916296,rs756109983,G,A,gnomAD Exomes,PASS,NA,c.1459-628C>T,,c.1459-628C>T,intron_variant,,2,138796,0.000014409637165336177,0,0,0,6464,0,0,0,23568,0,0,0,7956,0,0,0,10410,0,0,0,14092,0,0,0,50912,0,0,0,4044,0,0,2,21350,0,0
10,81916329,rs1387404715,G,C,gnomAD Genomes,NA,PASS,c.1459-661C>G,,c.1459-661C>G,intron_variant,,1,31360,0.00003188775510204082,0,0,0,8704,0,0,0,848,0,0,0,290,0,0,0,1558,0,0,0,3472,0,0,1,15400,0,0,0,1088,0,0,0,0,0,0
10,81917346,rs763891108,G,A,gnomAD Exomes,PASS,NA,c.1458+51C>T,,c.1458+51C>T,intron_variant,,1,235812,0.000004240666293488033,0,0,0,16154,0,0,0,33330,0,0,0,8494,0,0,0,18302,0,0,0,20464,0,0,1,105882,0,0,0,5750,0,0,0,27436,0,0
10,81917347,rs1359154370,G,A,gnomAD Exomes,PASS,NA,c.1458+50C>T,,c.1458+50C>T,intron_variant,,1,236118,0.0000042351705503180615,0,0,0,16158,0,0,0,33370,0,0,0,8564,0,0,0,18302,0,0,0,20486,0,0,0,106008,0,0,1,5760,0,0,0,27470,0,0
10,81917352,rs199749354,T,C,gnomAD Exomes,PASS,NA,c.1458+45A>G,,c.1458+45A>G,intron_variant,,7,238762,0.00002931789815799834,0,0,1,16186,0,0,3,33548,0,0,1,8786,0,0,0,18314,0,0,0,20722,0,0,2,107270,0,0,0,5788,0,0,0,28148,0,0
10,81917362,rs369428921,A,T,gnomAD Exomes,PASS,NA,c.1458+35T>A,,c.1458+35T>A,intron_variant,,1,242828,0.000004118141235771822,0,0,0,16192,0,0,1,33772,0,0,0,9254,0,0,0,18294,0,0,0,21036,0,0,0,109194,0,0,0,5880,0,0,0,29206,0,0
10,81917375,rs778842350,T,C,gnomAD Exomes,PASS,NA,c.1458+22A>G,,c.1458+22A>G,intron_variant,,13,246372,0.0000527657363661455,0,0,0,16226,0,0,0,33912,0,0,0,9622,0,0,1,18318,0,0,0,21364,0,0,4,111022,0,0,1,5982,0,0,7,29926,0,0
10,81917376,rs1227889071,T,A,"gnomAD Exomes,gnomAD Genomes",PASS,PASS,c.1458+21A>T,,c.1458+21A>T,intron_variant,,2,277862,0.0000071978176216971016,0,0,0,24922,0,0,0,34746,0,0,0,9912,0,0,0,19868,0,0,1,24856,0,0,1,126552,0,0,0,7068,0,0,0,29938,0,0
10,81917384,rs529536583,A,G,gnomAD Exomes,PASS,NA,c.1458+13T>C,,c.1458+13T>C,intron_variant,,1,248658,0.000004021587883760024,0,0,0,16242,0,0,0,34282,0,0,0,9832,0,0,0,18376,0,0,0,21476,0,0,0,112116,0,0,0,6054,0,0,1,30280,0,0
10,81917390,rs755226655,C,T,gnomAD Exomes,PASS,NA,c.1458+7G>A,,c.1458+7G>A,splice_region_variant,,15,249268,0.00006017619590159988,0,0,0,16244,0,0,0,34392,0,0,0,9922,0,0,15,18382,0,0,0,21498,0,0,0,112418,0,0,0,6084,0,0,0,30328,0,0
10,81917391,rs781458762,C,G,gnomAD Exomes,PASS,NA,c.1458+6G>C,,c.1458+6G>C,splice_region_variant,,1,249618,0.000004006121353428038,0,0,0,16250,0,0,0,34398,0,0,0,9932,0,0,0,18384,0,0,0,21526,0,0,1,112622,0,0,0,6090,0,0,0,30416,0,0
10,81917392,rs748134350,C,T,gnomAD Exomes,PASS,NA,c.1458+5G>A,,c.1458+5G>A,splice_region_variant,,22,249678,0.00008811349017534584,0,0,6,16244,0,0,0,34420,0,0,0,9958,0,0,1,18386,0,0,0,21532,0,0,0,112650,0,0,0,6078,0,0,15,30410,0,0
10,81917393,rs79950900,G,A,"gnomAD Exomes,gnomAD Genomes",PASS,PASS,c.1458+4C>T,,c.1458+4C>T,splice_region_variant,,464,281272,0.0016496487385875595,3,0,393,24924,3,0,41,35298,0,0,0,10272,0,0,0,19942,0,0,0,25016,0,0,10,128192,0,0,7,7172,0,0,13,30456,0,0
10,81917397,rs1209281718,C,T,gnomAD Exomes,PASS,NA,c.1458G>A,c.1458G>A(p.=),c.1458G>A,splice_region_variant,"lc_lof,os_lof",1,250250,0.000003996003996003996,0,0,0,16250,0,0,0,34476,0,0,0,9986,0,0,0,18392,0,0,0,21574,0,0,1,112960,0,0,0,6104,0,0,0,30508,0,0
10,81917398,rs778082972,G,A,"gnomAD Exomes,gnomAD Genomes",PASS,PASS,p.Ser486Leu,p.Ser486Leu,c.1457C>T,missense_variant,,19,281832,0.00006741604927758381,0,0,0,24942,0,0,16,35322,0,0,0,10298,0,0,1,19948,0,0,0,25066,0,0,2,128526,0,0,0,7190,0,0,0,30540,0,0
10,81917400,rs1463177350,G,C,gnomAD Exomes,PASS,NA,p.Ile485Met,p.Ile485Met,c.1455C>G,missense_variant,,1,250612,0.000003990231912278742,0,0,0,16252,0,0,0,34494,0,0,0,10018,0,0,0,18392,0,0,0,21608,0,0,1,113184,0,0,0,6108,0,0,0,30556,0,0
10,81917405,rs143921438,C,G,gnomAD Genomes,NA,PASS,p.Asp484His,p.Asp484His,c.1450G>C,missense_variant,,1,31372,0.00003187555782226189,0,0,1,8696,0,0,0,846,0,0,0,290,0,0,0,1558,0,0,0,3476,0,0,0,15420,0,0,0,1086,0,0,0,0,0,0
10,81917406,rs749668544,G,A,"gnomAD Exomes,gnomAD Genomes",PASS,PASS,p.His483His,c.1449C>T(p.=),c.1449C>T,synonymous_variant,,17,282238,0.000060232853123959215,0,0,3,24942,0,0,10,35360,0,0,0,10328,0,0,0,19948,0,0,0,25100,0,0,1,128760,0,0,2,7204,0,0,1,30596,0,0
10,81917407,rs1246994813,T,A,gnomAD Exomes,PASS,NA,p.His483Leu,p.His483Leu,c.1448A>T,missense_variant,,2,250918,0.000007970731474027372,0,0,1,16252,0,0,0,34522,0,0,0,10042,0,0,0,18386,0,0,0,21630,0,0,1,113370,0,0,0,6118,0,0,0,30598,0,0
10,81917410,rs1441803514,T,G,gnomAD Genomes,NA,PASS,p.Tyr482Ser,p.Tyr482Ser,c.1445A>C,missense_variant,,1,31360,0.00003188775510204082,0,0,1,8692,0,0,0,848,0,0,0,290,0,0,0,1558,0,0,0,3474,0,0,0,15414,0,0,0,1084,0,0,0,0,0,0
10,81917416,rs771342827,G,A,"gnomAD Exomes,gnomAD Genomes",PASS,PASS,p.Ser480Leu,p.Ser480Leu,c.1439C>T,missense_variant,,5,282430,0.000017703501752646674,1,0,0,24936,0,0,0,35382,0,0,0,10346,0,0,1,19946,0,0,2,25106,1,0,2,128896,0,0,0,7210,0,0,0,30608,0,0
10,81917418,rs1429034011,C,T,gnomAD Exomes,PASS,NA,p.Lys479Lys,c.1437G>A(p.=),c.1437G>A,synonymous_variant,,1,251112,0.000003982286788365351,0,0,0,16256,0,0,0,34536,0,0,0,10060,0,0,0,18392,0,0,0,21640,0,0,1,113496,0,0,0,6120,0,0,0,30612,0,0
10,81917423,rs774676209,C,T,gnomAD Exomes,PASS,NA,p.Gly478Ser,p.Gly478Ser,c.1432G>A,missense_variant,,3,251160,0.000011944577161968466,0,0,0,16254,0,0,0,34530,0,0,0,10060,0,0,1,18390,0,0,0,21632,0,0,2,113554,0,0,0,6130,0,0,0,30610,0,0
10,81917423,rs774676209,C,A,gnomAD Exomes,PASS,NA,p.Gly478Cys,p.Gly478Cys,c.1432G>T,missense_variant,,1,251160,0.000003981525720656156,0,0,0,16254,0,0,0,34530,0,0,0,10060,0,0,0,18390,0,0,0,21632,0,0,0,113554,0,0,0,6130,0,0,1,30610,0,0
10,81917425,rs771674112,T,A,gnomAD Exomes,PASS,NA,p.Tyr477Phe,p.Tyr477Phe,c.1430A>T,missense_variant,,2,251226,0.000007960959454833496,0,0,0,16256,0,0,0,34544,0,0,0,10062,0,0,2,18392,0,0,0,21644,0,0,0,113590,0,0,0,6128,0,0,0,30610,0,0
10,81917430,rs146495937,C,T,"gnomAD Exomes,gnomAD Genomes",PASS,PASS,p.Arg475Arg,c.1425G>A(p.=),c.1425G>A,synonymous_variant,,36,282610,0.0001273840274583348,0,0,3,24942,0,0,10,35400,0,0,0,10358,0,0,0,19952,0,0,0,25116,0,0,22,129016,0,0,1,7216,0,0,0,30610,0,0
10,81917431,rs146644733,C,T,gnomAD Exomes,PASS,NA,p.Arg475Gln,p.Arg475Gln,c.1424G>A,missense_variant,,15,251284,0.00005969341462249884,0,0,0,16254,0,0,1,34560,0,0,4,10066,0,0,0,18394,0,0,0,21640,0,0,9,113628,0,0,0,6130,0,0,1,30612,0,0
10,81917432,rs368132715,G,A,"gnomAD Exomes,gnomAD Genomes",PASS,PASS,p.Arg475Trp,p.Arg475Trp,c.1423C>T,missense_variant,,17,282640,0.00006014718369657515,0,0,1,24950,0,0,0,35410,0,0,0,10354,0,0,0,19944,0,0,0,25106,0,0,12,129044,0,0,0,7218,0,0,4,30614,0,0
10,81917437,rs753789357,T,C,gnomAD Exomes,PASS,NA,p.Tyr473Cys,p.Tyr473Cys,c.1418A>G,missense_variant,,1,251364,0.000003978294425613851,0,0,0,16256,0,0,0,34574,0,0,0,10068,0,0,0,18394,0,0,1,21642,0,0,0,113682,0,0,0,6134,0,0,0,30614,0,0
10,81917444,rs1282722426,A,G,gnomAD Genomes,NA,PASS,p.Ser471Pro,p.Ser471Pro,c.1411T>C,missense_variant,,1,31306,0.000031942758576630676,0,0,0,8668,0,0,0,848,0,0,0,290,0,0,0,1554,0,0,1,3472,0,0,0,15388,0,0,0,1086,0,0,0,0,0,0
10,81917446,rs371825050,C,G,gnomAD Exomes,PASS,NA,p.Arg470Thr,p.Arg470Thr,c.1409G>C,missense_variant,,7,251370,0.0000278473962684489,0,0,7,16256,0,0,0,34574,0,0,0,10066,0,0,0,18394,0,0,0,21642,0,0,0,113688,0,0,0,6136,0,0,0,30614,0,0
10,81917448,rs765169730,G,A,gnomAD Exomes,PASS,NA,p.Ile469Ile,c.1407C>T(p.=),c.1407C>T,synonymous_variant,,1,251368,0.0000039782311193151075,0,0,0,16256,0,0,0,34566,0,0,0,10072,0,0,0,18394,0,0,0,21644,0,0,0,113686,0,0,0,6138,0,0,1,30612,0,0
10,81917451,rs750209333,G,A,gnomAD Exomes,PASS,NA,p.Asp468Asp,c.1404C>T(p.=),c.1404C>T,synonymous_variant,,3,251380,0.000011934123637520885,0,0,0,16256,0,0,0,34570,0,0,0,10074,0,0,0,18394,0,0,0,21640,0,0,3,113696,0,0,0,6136,0,0,0,30614,0,0
10,81917459,rs1269990430,G,A,gnomAD Exomes,PASS,NA,p.Leu466Phe,p.Leu466Phe,c.1396C>T,missense_variant,,3,251374,0.000011934408490933827,0,0,0,16256,0,0,3,34568,0,0,0,10072,0,0,0,18394,0,0,0,21644,0,0,0,113690,0,0,0,6136,0,0,0,30614,0,0
10,81917462,rs142956872,C,T,gnomAD Exomes,PASS,NA,p.Asp465Asn,p.Asp465Asn,c.1393G>A,missense_variant,,1,251342,0.000003978642646274797,0,0,1,16256,0,0,0,34564,0,0,0,10066,0,0,0,18394,0,0,0,21636,0,0,0,113680,0,0,0,6134,0,0,0,30612,0,0
10,81917463,rs374382845,G,A,"gnomAD Exomes,gnomAD Genomes",PASS,PASS,p.Thr464Thr,c.1392C>T(p.=),c.1392C>T,synonymous_variant,,9,282660,0.000031840373593716835,0,0,0,24924,0,0,0,35416,0,0,0,10352,0,0,0,19952,0,0,0,25106,0,0,6,129076,0,0,1,7220,0,0,2,30614,0,0
10,81917467,rs752833540,T,G,gnomAD Exomes,PASS,NA,p.Glu463Ala,p.Glu463Ala,c.1388A>C,missense_variant,,1,251358,0.000003978389388839822,0,0,0,16256,0,0,0,34572,0,0,0,10062,0,0,1,18392,0,0,0,21640,0,0,0,113688,0,0,0,6134,0,0,0,30614,0,0
10,81917468,rs756080261,C,T,gnomAD Exomes,PASS,NA,p.Glu463Lys,p.Glu463Lys,c.1387G>A,missense_variant,,1,251326,0.000003978895935955691,0,0,0,16254,0,0,0,34570,0,0,0,10060,0,0,0,18394,0,0,0,21638,0,0,0,113666,0,0,0,6132,0,0,1,30612,0,0
10,81917469,rs1452908416,G,A,"gnomAD Exomes,gnomAD Genomes",PASS,PASS,p.Ser462Ser,c.1386C>T(p.=),c.1386C>T,synonymous_variant,,3,282644,0.000010614058674516353,0,0,0,24926,0,0,0,35416,0,0,0,10346,0,0,2,19954,0,0,0,25112,0,0,0,129062,0,0,0,7216,0,0,1,30612,0,0
10,81917473,rs961003614,C,T,"gnomAD Exomes,gnomAD Genomes",PASS,PASS,p.Arg461His,p.Arg461His,c.1382G>A,missense_variant,,3,282646,0.000010613983569553435,0,0,3,24944,0,0,0,35418,0,0,0,10342,0,0,0,19952,0,0,0,25108,0,0,0,129056,0,0,0,7214,0,0,0,30612,0,0
10,81917474,rs1268568877,G,A,gnomAD Exomes,PASS,NA,p.Arg461Cys,p.Arg461Cys,c.1381C>T,missense_variant,,2,251322,0.000007957918526830122,0,0,0,16256,0,0,0,34568,0,0,0,10052,0,0,0,18394,0,0,0,21640,0,0,2,113670,0,0,0,6130,0,0,0,30612,0,0
10,81917480,rs1473153135,C,T,gnomAD Exomes,PASS,NA,p.Val459Met,p.Val459Met,c.1375G>A,missense_variant,,1,251318,0.000003979022592890283,0,0,0,16256,0,0,0,34566,0,0,0,10052,0,0,0,18392,0,0,0,21642,0,0,1,113666,0,0,0,6132,0,0,0,30612,0,0
10,81917484,rs1012638618,G,C,gnomAD Genomes,NA,PASS,p.Ile457Met,p.Ile457Met,c.1371C>G,missense_variant,,2,31354,0.00006378771448618996,0,0,2,8688,0,0,0,846,0,0,0,290,0,0,0,1560,0,0,0,3474,0,0,0,15410,0,0,0,1086,0,0,0,0,0,0
10,81917486,rs1802932,T,C,"gnomAD Exomes,gnomAD Genomes",PASS,PASS,p.Ile457Val,p.Ile457Val,c.1369A>G,missense_variant,,2750,282622,0.009730311157659348,25,0,58,24940,0,0,137,35404,0,0,54,10336,0,0,0,19954,0,0,857,25110,17,0,1532,129050,7,0,75,7214,1,0,37,30614,0,0
10,81917488,rs749809198,C,G,gnomAD Exomes,PASS,NA,p.Arg456Pro,p.Arg456Pro,c.1367G>C,missense_variant,,1,251230,0.000003980416351550372,0,0,0,16256,0,0,0,34548,0,0,0,10048,0,0,0,18388,0,0,0,21636,0,0,1,113624,0,0,0,6124,0,0,0,30606,0,0
10,81917488,rs749809198,C,T,"gnomAD Exomes,gnomAD Genomes",PASS,PASS,p.Arg456His,p.Arg456His,c.1367G>A,missense_variant,,14,282560,0.00004954699886749717,0,0,1,24930,0,0,2,35394,0,0,0,10338,0,0,0,19946,0,0,0,25110,0,0,1,129030,0,0,0,7206,0,0,10,30606,0,0
10,81917489,rs148593238,G,GA,gnomAD Exomes,PASS,NA,p.Arg456SerfsTer19,p.Arg456SerfsTer19,c.1365dupT,frameshift_variant,,1,251216,0.000003980638175912363,0,0,0,16256,0,0,1,34544,0,0,0,10042,0,0,0,18386,0,0,0,21636,0,0,0,113620,0,0,0,6130,0,0,0,30602,0,0
10,81917489,rs148593238,G,A,gnomAD Exomes,PASS,NA,p.Arg456Cys,p.Arg456Cys,c.1366C>T,missense_variant,,2,251216,0.000007961276351824725,0,0,2,16256,0,0,0,34544,0,0,0,10042,0,0,0,18386,0,0,0,21636,0,0,0,113620,0,0,0,6130,0,0,0,30602,0,0
10,81917490,rs779282732,A,C,gnomAD Exomes,PASS,NA,p.Ile455Met,p.Ile455Met,c.1365T>G,missense_variant,,6,251274,0.000023878316101148546,0,0,0,16254,0,0,0,34554,0,0,0,10044,0,0,0,18394,0,0,0,21634,0,0,0,113652,0,0,0,6130,0,0,6,30612,0,0
10,81917493,rs746183884,C,T,gnomAD Exomes,PASS,NA,p.Leu454Leu,c.1362G>A(p.=),c.1362G>A,synonymous_variant,,1,251210,0.000003980733251064846,0,0,0,16256,0,0,0,34548,0,0,0,10044,0,0,0,18394,0,0,0,21632,0,0,1,113612,0,0,0,6128,0,0,0,30596,0,0
10,81917500,rs142001721,C,T,gnomAD Exomes,PASS,NA,p.Arg452Gln,p.Arg452Gln,c.1355G>A,missense_variant,,10,250998,0.00003984095490800724,0,0,2,16256,0,0,4,34528,0,0,0,10036,0,0,2,18392,0,0,0,21620,0,0,1,113466,0,0,0,6124,0,0,1,30576,0,0
10,81917501,rs150671497,G,A,"gnomAD Exomes,gnomAD Genomes",PASS,PASS,p.Arg452Trp,p.Arg452Trp,c.1354C>T,missense_variant,,457,282300,0.0016188452001416932,7,0,1,24934,0,0,0,35370,0,0,0,10318,0,0,0,19946,0,0,0,25088,0,0,3,128862,0,0,5,7202,0,0,448,30580,7,0
10,81917502,rs867842506,G,C,gnomAD Exomes,PASS,NA,p.Asp451Glu,p.Asp451Glu,c.1353C>G,missense_variant,,1,251014,0.000003983841538718956,0,0,0,16254,0,0,0,34526,0,0,0,10036,0,0,0,18392,0,0,0,21620,0,0,1,113486,0,0,0,6120,0,0,0,30580,0,0
10,81917509,rs760374358,G,T,gnomAD Exomes,PASS,NA,p.Thr449Lys,p.Thr449Lys,c.1346C>A,missense_variant,,1,250694,0.000003988926739371505,0,0,0,16252,0,0,0,34504,0,0,0,9986,0,0,0,18384,0,0,0,21600,0,0,0,113310,0,0,0,6112,0,0,1,30546,0,0
10,81917516,rs1410249152,C,G,gnomAD Exomes,PASS,NA,p.Ala447Pro,p.Ala447Pro,c.1339G>C,missense_variant,,1,249940,0.000004000960230455309,0,0,0,16244,0,0,0,34446,0,0,0,9906,0,0,0,18384,0,0,0,21548,0,0,0,112916,0,0,0,6088,0,0,1,30408,0,0
10,81917517,rs950907127,C,A,gnomAD Exomes,PASS,NA,c.1338G>T,c.1338G>T(p.=),c.1338G>T,splice_region_variant,,1,250074,0.000003998816350360293,0,0,0,16246,0,0,0,34458,0,0,0,9900,0,0,0,18390,0,0,0,21560,0,0,1,112994,0,0,0,6096,0,0,0,30430,0,0
10,81917518,rs1207785135,CCCT,C,gnomAD Genomes,NA,PASS,c.1336-2_1336delAGG,,c.1336-2_1336delAGG,splice_acceptor_variant,,1,31346,0.00003190199706501627,0,0,0,8682,0,0,1,846,0,0,0,290,0,0,0,1556,0,0,0,3474,0,0,0,15416,0,0,0,1082,0,0,0,0,0,0
10,81917519,rs1348493298,C,G,gnomAD Exomes,PASS,NA,p.Gly446Arg,p.Gly446Arg,c.1336G>C,missense_variant,,2,249856,0.000008004610655737705,0,0,0,16244,0,0,1,34422,0,0,0,9882,0,0,0,18384,0,0,0,21538,0,0,0,112884,0,0,1,6092,0,0,0,30410,0,0
10,81917521,rs879227548,TA,T,gnomAD Exomes,PASS,NA,c.1336-3delT,,c.1336-3delT,splice_region_variant,,2,249616,0.000008012306903403628,0,0,0,16242,0,0,0,34420,0,0,0,9858,0,0,0,18382,0,0,0,21508,0,0,0,112758,0,0,0,6090,0,0,2,30358,0,0
10,81917525,rs1265475361,G,A,gnomAD Exomes,PASS,NA,c.1336-6C>T,,c.1336-6C>T,splice_region_variant,,1,249288,0.000004011424537081608,0,0,0,16240,0,0,1,34392,0,0,0,9838,0,0,0,18386,0,0,0,21482,0,0,0,112566,0,0,0,6088,0,0,0,30296,0,0
10,81917529,rs1357879345,G,A,gnomAD Exomes,PASS,NA,c.1336-10C>T,,c.1336-10C>T,intron_variant,,2,248644,0.000008043628641752868,0,0,0,16238,0,0,2,34360,0,0,0,9766,0,0,0,18380,0,0,0,21446,0,0,0,112200,0,0,0,6072,0,0,0,30182,0,0
10,81917531,rs768113693,C,T,gnomAD Exomes,PASS,NA,c.1336-12G>A,,c.1336-12G>A,intron_variant,,7,248396,0.000028180808064542103,0,0,0,16232,0,0,0,34356,0,0,0,9700,0,0,7,18380,0,0,0,21436,0,0,0,112144,0,0,0,6060,0,0,0,30088,0,0
10,81917533,rs1290636138,A,G,gnomAD Exomes,PASS,NA,c.1336-14T>C,,c.1336-14T>C,intron_variant,,1,247890,0.000004034047359716003,0,0,0,16232,0,0,1,34304,0,0,0,9674,0,0,0,18374,0,0,0,21376,0,0,0,111860,0,0,0,6044,0,0,0,30026,0,0
10,81917536,,C,T,gnomAD Exomes,PASS,NA,c.1336-17G>A,,c.1336-17G>A,intron_variant,,1,247706,0.000004037043914963707,0,0,0,16238,0,0,1,34284,0,0,0,9636,0,0,0,18366,0,0,0,21394,0,0,0,111790,0,0,0,6042,0,0,0,29956,0,0
10,81917537,rs776180846,A,G,gnomAD Exomes,PASS,NA,c.1336-18T>C,,c.1336-18T>C,intron_variant,,2,247722,0.000008073566336457804,0,0,0,16236,0,0,0,34304,0,0,0,9634,0,0,0,18376,0,0,0,21374,0,0,2,111790,0,0,0,6036,0,0,0,29972,0,0
10,81917539,rs761885687,G,A,gnomAD Exomes,PASS,NA,c.1336-20C>T,,c.1336-20C>T,intron_variant,,7,247112,0.000028327236232963192,0,0,0,16226,0,0,3,34226,0,0,0,9590,0,0,0,18374,0,0,0,21300,0,0,4,111560,0,0,0,6002,0,0,0,29834,0,0
10,81917542,rs201343738,C,G,gnomAD Exomes,PASS,NA,c.1336-23G>C,,c.1336-23G>C,intron_variant,,28,246110,0.00011377026532851165,1,0,0,16218,0,0,1,34146,0,0,21,9460,0,0,0,18366,0,0,0,21268,0,0,3,111084,0,0,3,5970,1,0,0,29598,0,0
10,81917543,rs773166335,A,G,gnomAD Exomes,PASS,NA,c.1336-24T>C,,c.1336-24T>C,intron_variant,,2,246446,0.000008115368072518928,0,0,0,16222,0,0,0,34172,0,0,0,9518,0,0,1,18370,0,0,0,21264,0,0,0,111202,0,0,0,5978,0,0,1,29720,0,0
10,81917545,rs368569582,G,A,"gnomAD Exomes,gnomAD Genomes",PASS,PASS,c.1336-26C>T,,c.1336-26C>T,intron_variant,,8,277132,0.00002886711025792763,0,0,0,24910,0,0,0,35006,0,0,0,9724,0,0,0,19912,0,0,0,24682,0,0,8,126330,0,0,0,7030,0,0,0,29538,0,0
10,81917546,rs1477355735,A,C,gnomAD Genomes,NA,PASS,c.1336-27T>G,,c.1336-27T>G,intron_variant,,1,31328,0.00003192032686414709,0,0,1,8692,0,0,0,848,0,0,0,290,0,0,0,1554,0,0,0,3472,0,0,0,15390,0,0,0,1082,0,0,0,0,0,0
10,81917555,rs955878628,C,T,gnomAD Exomes,PASS,NA,c.1336-36G>A,,c.1336-36G>A,intron_variant,,2,242640,0.000008242664029014178,0,0,0,16188,0,0,2,33822,0,0,0,9040,0,0,0,18348,0,0,0,20984,0,0,0,109588,0,0,0,5852,0,0,0,28818,0,0
10,81917560,rs767785759,T,G,gnomAD Exomes,PASS,NA,c.1336-41A>C,,c.1336-41A>C,intron_variant,,1,241932,0.000004133392854190434,0,0,0,16180,0,0,0,33756,0,0,0,8976,0,0,0,18338,0,0,0,20890,0,0,0,109326,0,0,0,5836,0,0,1,28630,0,0
10,81917560,rs767785759,T,A,gnomAD Exomes,PASS,NA,c.1336-41A>T,,c.1336-41A>T,intron_variant,,1,241932,0.000004133392854190434,0,0,0,16180,0,0,1,33756,0,0,0,8976,0,0,0,18338,0,0,0,20890,0,0,0,109326,0,0,0,5836,0,0,0,28630,0,0
10,81917564,,C,G,gnomAD Exomes,PASS,NA,c.1336-45G>C,,c.1336-45G>C,intron_variant,,1,240730,0.000004154031487558676,0,0,0,16158,0,0,0,33618,0,0,0,8838,0,0,0,18342,0,0,0,20804,0,0,1,108808,0,0,0,5806,0,0,0,28356,0,0
10,81917570,rs1371467262,AC,A,gnomAD Exomes,PASS,NA,c.1336-52delG,,c.1336-52delG,intron_variant,,1,239786,0.000004170385260190336,0,0,0,16152,0,0,0,33624,0,0,0,8788,0,0,0,18328,0,0,0,20690,0,0,1,108330,0,0,0,5768,0,0,0,28106,0,0
10,81917573,rs1307451065,T,C,gnomAD Genomes,NA,PASS,c.1336-54A>G,,c.1336-54A>G,intron_variant,,1,31372,0.00003187555782226189,0,0,1,8704,0,0,0,848,0,0,0,290,0,0,0,1560,0,0,0,3474,0,0,0,15410,0,0,0,1086,0,0,0,0,0,0
10,81917584,rs867506376,C,G,gnomAD Genomes,NA,PASS,c.1336-65G>C,,c.1336-65G>C,intron_variant,,1,31368,0.00003187962254526906,0,0,0,8714,0,0,0,848,0,0,0,290,0,0,0,1556,0,0,0,3472,0,0,0,15406,0,0,1,1082,0,0,0,0,0,0
10,81917651,rs369623714,G,A,gnomAD Genomes,NA,PASS,c.1335+72C>T,,c.1335+72C>T,intron_variant,,2,31386,0.00006372267890142101,0,0,0,8710,0,0,0,848,0,0,0,290,0,0,0,1556,0,0,0,3472,0,0,0,15424,0,0,2,1086,0,0,0,0,0,0
10,81917663,rs369416316,T,C,gnomAD Genomes,NA,PASS,c.1335+60A>G,,c.1335+60A>G,intron_variant,,2,31388,0.00006371861858034918,0,0,2,8712,0,0,0,848,0,0,0,288,0,0,0,1558,0,0,0,3474,0,0,0,15422,0,0,0,1086,0,0,0,0,0,0
10,81917675,rs1431879099,C,G,gnomAD Exomes,PASS,NA,c.1335+48G>C,,c.1335+48G>C,intron_variant,,1,250498,0.000003992047840701323,0,0,0,16248,0,0,1,34422,0,0,0,9974,0,0,0,18386,0,0,0,21606,0,0,0,113244,0,0,0,6112,0,0,0,30506,0,0
10,81917676,rs774408735,A,G,gnomAD Exomes,PASS,NA,c.1335+47T>C,,c.1335+47T>C,intron_variant,,2,250564,0.000007981992624638815,0,0,0,16248,0,0,0,34436,0,0,0,9988,0,0,0,18382,0,0,0,21592,0,0,2,113270,0,0,0,6110,0,0,0,30538,0,0
10,81917677,rs752929121,G,A,"gnomAD Exomes,gnomAD Genomes",PASS,PASS,c.1335+46C>T,,c.1335+46C>T,intron_variant,,2,282212,0.0000070868708630391335,0,0,0,24966,0,0,0,35332,0,0,0,10296,0,0,0,19948,0,0,0,25084,0,0,2,128830,0,0,0,7200,0,0,0,30556,0,0
10,81917679,rs756336958,C,T,gnomAD Exomes,PASS,NA,c.1335+44G>A,,c.1335+44G>A,intron_variant,,2,250614,0.000007980400137262882,0,0,0,16252,0,0,1,34472,0,0,0,10010,0,0,0,18388,0,0,0,21604,0,0,0,113294,0,0,1,6104,0,0,0,30490,0,0
10,81917679,rs756336958,C,A,gnomAD Exomes,PASS,NA,c.1335+44G>T,,c.1335+44G>T,intron_variant,,3,250614,0.000011970600205894323,0,0,0,16252,0,0,3,34472,0,0,0,10010,0,0,0,18388,0,0,0,21604,0,0,0,113294,0,0,0,6104,0,0,0,30490,0,0
10,81917680,rs764120084,G,A,"gnomAD Exomes,gnomAD Genomes",PASS,PASS,c.1335+43C>T,,c.1335+43C>T,intron_variant,,9,282232,0.00003188865897559455,0,0,4,24964,0,0,0,35330,0,0,0,10310,0,0,0,19948,0,0,0,25090,0,0,5,128840,0,0,0,7204,0,0,0,30546,0,0
10,81917694,rs1341711803,A,C,gnomAD Exomes,PASS,NA,c.1335+29T>G,,c.1335+29T>G,intron_variant,,1,251258,0.000003979972776986205,0,0,0,16256,0,0,0,34544,0,0,0,10062,0,0,0,18392,0,0,0,21638,0,0,1,113628,0,0,0,6128,0,0,0,30610,0,0
10,81917696,rs753874099,C,T,"gnomAD Exomes,gnomAD Genomes",PASS,PASS,c.1335+27G>A,,c.1335+27G>A,intron_variant,,4,282638,0.000014152378661043455,0,0,0,24966,0,0,1,35400,0,0,0,10346,0,0,0,19950,0,0,0,25110,0,0,2,129056,0,0,0,7208,0,0,1,30602,0,0
10,81917697,rs757782267,G,A,"gnomAD Exomes,gnomAD Genomes",PASS,PASS,c.1335+26C>T,,c.1335+26C>T,intron_variant,,29,282626,0.00010260910178115248,0,0,0,24962,0,0,0,35386,0,0,0,10350,0,0,27,19948,0,0,0,25112,0,0,2,129056,0,0,0,7212,0,0,0,30600,0,0
10,81917701,rs372366508,C,T,"gnomAD Exomes,gnomAD Genomes",PASS,PASS,c.1335+22G>A,,c.1335+22G>A,intron_variant,,4,282716,0.000014148474087069709,0,0,1,24972,0,0,0,35406,0,0,0,10350,0,0,0,19954,0,0,0,25116,0,0,3,129090,0,0,0,7218,0,0,0,30610,0,0
10,81917702,rs746232888,C,T,gnomAD Exomes,PASS,NA,c.1335+21G>A,,c.1335+21G>A,intron_variant,,1,251342,0.000003978642646274797,0,0,0,16256,0,0,0,34568,0,0,0,10066,0,0,0,18394,0,0,0,21644,0,0,0,113668,0,0,0,6134,0,0,1,30612,0,0
10,81917703,rs1272876103,T,C,gnomAD Exomes,PASS,NA,c.1335+20A>G,,c.1335+20A>G,intron_variant,,1,251350,0.000003978516013526954,0,0,0,16256,0,0,0,34568,0,0,0,10064,0,0,0,18394,0,0,0,21644,0,0,1,113680,0,0,0,6132,0,0,0,30612,0,0
10,81917706,rs77724375,A,C,"gnomAD Exomes,gnomAD Genomes",PASS,PASS,c.1335+17T>G,,c.1335+17T>G,intron_variant,,870,282774,0.003076661927900019,17,0,759,24966,17,0,84,35420,0,0,0,10356,0,0,0,19952,0,0,0,25116,0,0,8,129130,0,0,18,7220,0,0,1,30614,0,0
10,81917707,rs544924707,C,T,gnomAD Exomes,PASS,NA,c.1335+16G>A,,c.1335+16G>A,intron_variant,,2,251354,0.000007956905400351695,0,0,0,16256,0,0,0,34568,0,0,0,10064,0,0,1,18394,0,0,0,21640,0,0,0,113686,0,0,0,6134,0,0,1,30612,0,0
10,81917708,rs1079242,A,G,"gnomAD Exomes,gnomAD Genomes",PASS,PASS,c.1335+15T>C,,c.1335+15T>C,intron_variant,,135040,282632,0.4777944464887203,33615,0,5480,24954,628,0,18318,35418,4805,0,4427,10352,936,0,11460,19938,3313,0,14139,25108,3941,0,66318,129034,16904,0,3549,7218,883,0,11349,30610,2205,0
10,81917710,rs768327712,G,A,gnomAD Exomes,PASS,NA,c.1335+13C>T,,c.1335+13C>T,intron_variant,,1,251394,0.000003977819677478381,0,0,0,16256,0,0,0,34570,0,0,0,10068,0,0,0,18394,0,0,0,21644,0,0,0,113712,0,0,0,6136,0,0,1,30614,0,0
10,81917712,rs776038968,A,G,gnomAD Exomes,PASS,NA,c.1335+11T>C,,c.1335+11T>C,intron_variant,,8,251390,0.00003182306376546402,0,0,0,16256,0,0,0,34570,0,0,0,10068,0,0,0,18394,0,0,0,21646,0,0,0,113708,0,0,0,6136,0,0,8,30612,0,0
10,81917716,rs747615399,T,C,gnomAD Exomes,PASS,NA,c.1335+7A>G,,c.1335+7A>G,splice_region_variant,,1,251434,0.0000039771868561928774,0,0,0,16256,0,0,0,34576,0,0,0,10076,0,0,0,18394,0,0,0,21646,0,0,1,113734,0,0,0,6138,0,0,0,30614,0,0
10,81917717,rs371405651,A,G,"gnomAD Exomes,gnomAD Genomes",PASS,PASS,c.1335+6T>C,,c.1335+6T>C,splice_region_variant,,13,282848,0.000045961081570313386,0,0,2,24972,0,0,0,35428,0,0,0,10368,0,0,0,19954,0,0,0,25122,0,0,10,129166,0,0,0,7224,0,0,1,30614,0,0
10,81917719,rs773217818,A,G,gnomAD Exomes,PASS,NA,c.1335+4T>C,,c.1335+4T>C,splice_region_variant,,2,251444,0.000007954057364661714,0,0,0,16256,0,0,0,34578,0,0,0,10078,0,0,1,18394,0,0,0,21646,0,0,1,113738,0,0,0,6138,0,0,0,30616,0,0
10,81917723,rs762980671,C,A,gnomAD Exomes,PASS,NA,p.Arg445Ser,p.Arg445Ser,c.1335G>T,missense_variant,,1,251438,0.000003977123585138285,0,0,0,16256,0,0,0,34578,0,0,0,10076,0,0,0,18394,0,0,0,21648,0,0,1,113734,0,0,0,6138,0,0,0,30614,0,0
10,81917728,,T,C,gnomAD Exomes,PASS,NA,p.Met444Val,p.Met444Val,c.1330A>G,missense_variant,,1,251452,0.000003976902152299445,0,0,0,16256,0,0,0,34580,0,0,0,10080,0,0,0,18394,0,0,0,21648,0,0,1,113740,0,0,0,6138,0,0,0,30616,0,0
10,81917730,rs1000931056,G,T,gnomAD Genomes,NA,PASS,p.Ala443Asp,p.Ala443Asp,c.1328C>A,missense_variant,,1,31394,0.00003185322036057845,0,0,0,8708,0,0,0,848,0,0,0,290,0,0,0,1560,0,0,0,3476,0,0,1,15426,0,0,0,1086,0,0,0,0,0,0
10,81917735,rs1461334721,G,A,gnomAD Exomes,PASS,NA,p.Asn441Asn,c.1323C>T(p.=),c.1323C>T,synonymous_variant,,1,251466,0.000003976680744116501,0,0,0,16256,0,0,0,34586,0,0,0,10080,0,0,0,18394,0,0,0,21646,0,0,0,113750,0,0,1,6138,0,0,0,30616,0,0
10,81917736,rs1303357579,T,A,gnomAD Exomes,PASS,NA,p.Asn441Ile,p.Asn441Ile,c.1322A>T,missense_variant,,1,251466,0.000003976680744116501,0,0,0,16256,0,0,0,34586,0,0,1,10080,0,0,0,18394,0,0,0,21648,0,0,0,113748,0,0,0,6138,0,0,0,30616,0,0
10,81917742,rs766145443,C,T,gnomAD Exomes,PASS,NA,p.Arg439Lys,p.Arg439Lys,c.1316G>A,missense_variant,,2,251462,0.000007953488002163349,0,0,0,16256,0,0,2,34582,0,0,0,10080,0,0,0,18394,0,0,0,21648,0,0,0,113746,0,0,0,6140,0,0,0,30616,0,0
10,81917745,rs774164541,T,C,gnomAD Exomes,PASS,NA,p.Glu438Gly,p.Glu438Gly,c.1313A>G,missense_variant,,1,251466,0.000003976680744116501,0,0,0,16256,0,0,0,34586,0,0,0,10080,0,0,1,18394,0,0,0,21648,0,0,0,113746,0,0,0,6140,0,0,0,30616,0,0
10,81917747,rs140115990,C,G,gnomAD Exomes,PASS,NA,p.Ala437Ala,c.1311G>C(p.=),c.1311G>C,synonymous_variant,,1,251458,0.000003976807260059334,0,0,0,16256,0,0,0,34584,0,0,0,10080,0,0,0,18394,0,0,0,21648,0,0,0,113742,0,0,0,6138,0,0,1,30616,0,0
10,81917747,rs140115990,C,T,"gnomAD Exomes,gnomAD Genomes",PASS,PASS,p.Ala437Ala,c.1311G>A(p.=),c.1311G>A,synonymous_variant,,64,282856,0.00022626354045874933,0,0,14,24970,0,0,2,35432,0,0,0,10370,0,0,0,19954,0,0,0,25124,0,0,0,129164,0,0,0,7226,0,0,48,30616,0,0
10,81917748,rs376025310,G,A,"gnomAD Exomes,gnomAD Genomes",PASS,PASS,p.Ala437Val,p.Ala437Val,c.1310C>T,missense_variant,,12,282844,0.00004242621374326484,0,0,2,24964,0,0,4,35432,0,0,0,10370,0,0,0,19952,0,0,0,25124,0,0,0,129158,0,0,3,7228,0,0,3,30616,0,0
10,81917756,rs199870592,G,C,"gnomAD Exomes,gnomAD Genomes",PASS,PASS,p.Ala434Ala,c.1302C>G(p.=),c.1302C>G,synonymous_variant,,22,282854,0.00007777864198491094,0,0,0,24970,0,0,0,35430,0,0,0,10370,0,0,22,19954,0,0,0,25122,0,0,0,129164,0,0,0,7228,0,0,0,30616,0,0
10,81917757,rs1293056598,G,C,gnomAD Exomes,PASS,NA,p.Ala434Gly,p.Ala434Gly,c.1301C>G,missense_variant,,1,251450,0.0000039769337840524954,0,0,0,16256,0,0,0,34582,0,0,0,10078,0,0,0,18394,0,0,0,21648,0,0,0,113736,0,0,0,6140,0,0,1,30616,0,0
10,81917758,rs765293205,C,A,gnomAD Exomes,PASS,NA,p.Ala434Ser,p.Ala434Ser,c.1300G>T,missense_variant,,2,251442,0.000007954120632193508,0,0,0,16254,0,0,0,34578,0,0,0,10080,0,0,0,18394,0,0,0,21644,0,0,0,113736,0,0,0,6140,0,0,2,30616,0,0
10,81917762,rs750982225,G,C,gnomAD Exomes,PASS,NA,p.Thr432Thr,c.1296C>G(p.=),c.1296C>G,synonymous_variant,,1,251438,0.000003977123585138285,0,0,0,16254,0,0,0,34578,0,0,0,10078,0,0,0,18394,0,0,0,21648,0,0,1,113732,0,0,0,6138,0,0,0,30616,0,0
10,81917763,rs758911878,G,A,gnomAD Exomes,PASS,NA,p.Thr432Ile,p.Thr432Ile,c.1295C>T,missense_variant,,1,251442,0.000003977060316096754,0,0,0,16256,0,0,0,34578,0,0,0,10080,0,0,0,18394,0,0,0,21648,0,0,1,113730,0,0,0,6140,0,0,0,30616,0,0
10,81917777,rs956787240,T,C,gnomAD Exomes,PASS,NA,p.Lys427Lys,c.1281A>G(p.=),c.1281A>G,synonymous_variant,,7,251438,0.00002783986509596799,0,0,0,16254,0,0,1,34580,0,0,0,10078,0,0,1,18394,0,0,0,21646,0,0,5,113732,0,0,0,6138,0,0,0,30616,0,0
10,81917779,rs780326754,T,G,gnomAD Exomes,PASS,NA,p.Lys427Gln,p.Lys427Gln,c.1279A>C,missense_variant,,1,251436,0.000003977155220413942,0,0,0,16252,0,0,0,34582,0,0,0,10080,0,0,0,18394,0,0,0,21646,0,0,1,113728,0,0,0,6138,0,0,0,30616,0,0
10,81917782,rs747362928,C,T,gnomAD Exomes,PASS,NA,c.1277-1G>A,,c.1277-1G>A,splice_acceptor_variant,,4,251412,0.000015910139531923696,0,0,0,16252,0,0,4,34582,0,0,0,10078,0,0,0,18394,0,0,0,21644,0,0,0,113710,0,0,0,6136,0,0,0,30616,0,0
10,81917787,rs1248670277,A,G,gnomAD Exomes,PASS,NA,c.1277-6T>C,,c.1277-6T>C,splice_region_variant,,1,251392,0.00000397785132382892,0,0,0,16252,0,0,1,34578,0,0,0,10076,0,0,0,18394,0,0,0,21646,0,0,0,113694,0,0,0,6136,0,0,0,30616,0,0
10,81917790,rs754612107,G,C,gnomAD Exomes,PASS,NA,c.1277-9C>G,,c.1277-9C>G,intron_variant,,1,251360,0.000003978357733927435,0,0,0,16254,0,0,0,34570,0,0,0,10078,0,0,0,18392,0,0,0,21646,0,0,0,113672,0,0,0,6132,0,0,1,30616,0,0
10,81917790,rs754612107,G,A,gnomAD Exomes,PASS,NA,c.1277-9C>T,,c.1277-9C>T,intron_variant,,1,251360,0.000003978357733927435,0,0,0,16254,0,0,0,34570,0,0,0,10078,0,0,0,18392,0,0,0,21646,0,0,1,113672,0,0,0,6132,0,0,0,30616,0,0
10,81917796,rs1186879806,C,G,gnomAD Exomes,PASS,NA,c.1277-15G>C,,c.1277-15G>C,intron_variant,,1,251296,0.00000397937094104164,0,0,0,16248,0,0,0,34568,0,0,0,10070,0,0,1,18390,0,0,0,21644,0,0,0,113630,0,0,0,6132,0,0,0,30614,0,0
10,81917798,rs780842169,C,T,gnomAD Exomes,PASS,NA,c.1277-17G>A,,c.1277-17G>A,intron_variant,,4,251268,0.000015919257525828995,0,0,0,16246,0,0,0,34566,0,0,0,10068,0,0,0,18392,0,0,0,21640,0,0,3,113612,0,0,0,6130,0,0,1,30614,0,0
10,81917799,rs374095377,G,A,gnomAD Exomes,PASS,NA,c.1277-18C>T,,c.1277-18C>T,intron_variant,,5,251220,0.00001990287397500199,0,0,0,16242,0,0,0,34562,0,0,0,10064,0,0,0,18390,0,0,0,21638,0,0,3,113582,0,0,1,6126,0,0,1,30616,0,0
10,81917802,rs138858477,A,G,"gnomAD Exomes,gnomAD Genomes",PASS,PASS,c.1277-21T>C,,c.1277-21T>C,intron_variant,,128,282650,0.0004528568901468247,1,0,0,24954,0,0,0,35410,0,0,0,10358,0,0,119,19950,1,0,0,25116,0,0,3,129030,0,0,1,7216,0,0,5,30616,0,0
10,81917807,rs529351077,C,T,gnomAD Exomes,PASS,NA,c.1277-26G>A,,c.1277-26G>A,intron_variant,,1,251048,0.000003983301998024282,0,0,0,16232,0,0,0,34544,0,0,0,10056,0,0,0,18386,0,0,0,21636,0,0,1,113466,0,0,0,6120,0,0,0,30608,0,0
10,81917809,rs377686880,G,A,gnomAD Exomes,PASS,NA,c.1277-28C>T,,c.1277-28C>T,intron_variant,,3,251050,0.000011949810794662417,0,0,3,16232,0,0,0,34536,0,0,0,10056,0,0,0,18388,0,0,0,21640,0,0,0,113462,0,0,0,6126,0,0,0,30610,0,0
10,81917819,rs974720413,A,G,gnomAD Genomes,NA,PASS,c.1277-38T>C,,c.1277-38T>C,intron_variant,,3,31394,0.00009555966108173536,0,0,3,8712,0,0,0,848,0,0,0,290,0,0,0,1556,0,0,0,3476,0,0,0,15424,0,0,0,1088,0,0,0,0,0,0
10,81917826,rs764475284,C,A,gnomAD Exomes,PASS,NA,c.1277-45G>T,,c.1277-45G>T,intron_variant,,6,250356,0.000023965872597421273,0,0,0,16196,0,0,0,34520,0,0,0,10008,0,0,0,18374,0,0,0,21578,0,0,6,113026,0,0,0,6098,0,0,0,30556,0,0
10,81917827,rs369892615,A,C,"gnomAD Exomes,gnomAD Genomes",PASS,PASS,c.1277-46T>G,,c.1277-46T>G,intron_variant,,6,281846,0.000021288221227194994,0,0,0,24900,0,0,0,35368,0,0,0,10310,0,0,0,19932,0,0,0,25072,0,0,6,128490,0,0,0,7188,0,0,0,30586,0,0
10,81917828,rs759315892,G,C,gnomAD Exomes,PASS,NA,c.1277-47C>G,,c.1277-47C>G,intron_variant,,2,250362,0.000007988432749378899,0,0,0,16196,0,0,0,34514,0,0,0,10012,0,0,0,18370,0,0,0,21576,0,0,2,113034,0,0,0,6098,0,0,0,30562,0,0
10,81917829,rs1286749635,C,T,"gnomAD Exomes,gnomAD Genomes",PASS,PASS,c.1277-48G>A,,c.1277-48G>A,intron_variant,,2,281680,0.000007100255609201932,0,0,0,24908,0,0,0,35354,0,0,0,10282,0,0,2,19928,0,0,0,25058,0,0,0,128434,0,0,0,7178,0,0,0,30538,0,0
10,81917850,rs1489705501,A,T,gnomAD Genomes,NA,PASS,c.1277-69T>A,,c.1277-69T>A,intron_variant,,1,31398,0.000031849162367029746,0,0,1,8714,0,0,0,848,0,0,0,290,0,0,0,1556,0,0,0,3476,0,0,0,15426,0,0,0,1088,0,0,0,0,0,0
10,81918786,rs545654458,G,A,gnomAD Genomes,NA,PASS,c.1276+70C>T,,c.1276+70C>T,intron_variant,,43,31374,0.001370561611525467,0,0,0,8704,0,0,0,848,0,0,0,290,0,0,0,1558,0,0,20,3476,0,0,20,15410,0,0,3,1088,0,0,0,0,0,0
10,81918788,rs183720827,C,T,gnomAD Genomes,NA,PASS,c.1276+68G>A,,c.1276+68G>A,intron_variant,,3,31374,0.00009562057754828839,0,0,2,8700,0,0,0,848,0,0,0,290,0,0,0,1560,0,0,0,3476,0,0,1,15412,0,0,0,1088,0,0,0,0,0,0
10,81918808,rs373798051,G,A,gnomAD Exomes,PASS,NA,c.1276+48C>T,,c.1276+48C>T,intron_variant,,2,248708,0.000008041558775753091,0,0,1,16136,0,0,0,34462,0,0,0,9906,0,0,0,18360,0,0,0,21266,0,0,0,112048,0,0,0,6064,0,0,1,30466,0,0
10,81918813,rs776902504,A,T,gnomAD Exomes,PASS,NA,c.1276+43T>A,,c.1276+43T>A,intron_variant,,2,249470,0.000008016996031586965,0,0,0,16160,0,0,0,34498,0,0,0,9952,0,0,2,18368,0,0,0,21416,0,0,0,112472,0,0,0,6072,0,0,0,30532,0,0
10,81918814,rs762006613,C,T,gnomAD Exomes,PASS,NA,c.1276+42G>A,,c.1276+42G>A,intron_variant,,14,249372,0.000056141026257959996,0,0,0,16162,0,0,2,34498,0,0,0,9926,0,0,0,18370,0,0,0,21378,0,0,2,112466,0,0,1,6080,0,0,9,30492,0,0
10,81918815,rs765346137,G,A,"gnomAD Exomes,gnomAD Genomes",PASS,PASS,c.1276+41C>T,,c.1276+41C>T,intron_variant,,8,281000,0.000028469750889679714,0,0,2,24864,0,0,1,35350,0,0,0,10264,0,0,0,19930,0,0,0,24884,0,0,5,128002,0,0,0,7180,0,0,0,30526,0,0
10,81918819,,G,C,gnomAD Genomes,NA,PASS,c.1276+37C>G,,c.1276+37C>G,intron_variant,,1,31384,0.00003186336986999745,0,0,0,8706,0,0,0,848,0,0,0,290,0,0,0,1560,0,0,0,3476,0,0,1,15416,0,0,0,1088,0,0,0,0,0,0
10,81918820,rs750474311,C,T,gnomAD Exomes,PASS,NA,c.1276+36G>A,,c.1276+36G>A,intron_variant,,1,249806,0.000004003106410574606,0,0,0,16160,0,0,0,34532,0,0,0,9976,0,0,0,18378,0,0,0,21462,0,0,1,112676,0,0,0,6086,0,0,0,30536,0,0
10,81918820,rs750474311,C,A,gnomAD Exomes,PASS,NA,c.1276+36G>T,,c.1276+36G>T,intron_variant,,3,249806,0.000012009319231723817,0,0,0,16160,0,0,0,34532,0,0,0,9976,0,0,1,18378,0,0,0,21462,0,0,2,112676,0,0,0,6086,0,0,0,30536,0,0
10,81918824,,T,C,gnomAD Exomes,PASS,NA,c.1276+32A>G,,c.1276+32A>G,intron_variant,,1,250284,0.00000399546115612664,0,0,0,16182,0,0,0,34548,0,0,0,10008,0,0,1,18378,0,0,0,21542,0,0,0,112958,0,0,0,6102,0,0,0,30566,0,0
10,81918825,rs766863906,G,A,"gnomAD Exomes,gnomAD Genomes",PASS,PASS,c.1276+31C>T,,c.1276+31C>T,intron_variant,,2,281698,0.000007099801915526557,0,0,2,24884,0,0,0,35398,0,0,0,10300,0,0,0,19940,0,0,0,24994,0,0,0,128416,0,0,0,7192,0,0,0,30574,0,0
10,81918827,rs751886404,C,A,gnomAD Exomes,PASS,NA,c.1276+29G>T,,c.1276+29G>T,intron_variant,,12,250294,0.00004794361830487347,0,0,0,16186,0,0,0,34542,0,0,0,10004,0,0,0,18384,0,0,0,21544,0,0,3,112966,0,0,0,6104,0,0,9,30564,0,0
10,81918828,rs755305159,A,T,gnomAD Genomes,NA,PASS,c.1276+28T>A,,c.1276+28T>A,intron_variant,,1,31394,0.00003185322036057845,0,0,0,8712,0,0,0,848,0,0,0,290,0,0,0,1558,0,0,1,3476,0,0,0,15422,0,0,0,1088,0,0,0,0,0,0
10,81918831,rs1260230577,T,C,gnomAD Exomes,PASS,NA,c.1276+25A>G,,c.1276+25A>G,intron_variant,,1,250358,0.000003994280190766822,0,0,0,16188,0,0,1,34550,0,0,0,10016,0,0,0,18386,0,0,0,21536,0,0,0,112992,0,0,0,6104,0,0,0,30586,0,0
10,81918835,rs544596453,C,T,gnomAD Exomes,PASS,NA,c.1276+21G>A,,c.1276+21G>A,intron_variant,,6,250398,0.00002396185273045312,0,0,0,16188,0,0,0,34540,0,0,0,10026,0,0,1,18378,0,0,0,21546,0,0,4,113038,0,0,1,6110,0,0,0,30572,0,0
10,81918836,rs752456326,G,A,"gnomAD Exomes,gnomAD Genomes",PASS,PASS,c.1276+20C>T,,c.1276+20C>T,intron_variant,,6,281878,0.000021285804496980962,0,0,1,24900,0,0,0,35388,0,0,0,10324,0,0,0,19940,0,0,0,25052,0,0,2,128480,0,0,0,7198,0,0,3,30596,0,0
10,81918839,rs370308212,A,T,gnomAD Exomes,PASS,NA,c.1276+17T>A,,c.1276+17T>A,intron_variant,,2,250702,0.000007977598902282392,0,0,0,16206,0,0,0,34554,0,0,0,10044,0,0,0,18388,0,0,0,21602,0,0,2,113198,0,0,0,6114,0,0,0,30596,0,0
10,81918847,rs777485054,G,C,gnomAD Exomes,PASS,NA,c.1276+9C>G,,c.1276+9C>G,intron_variant,,1,250886,0.0000039858740623231265,0,0,0,16214,0,0,1,34560,0,0,0,10058,0,0,0,18390,0,0,0,21604,0,0,0,113332,0,0,0,6124,0,0,0,30604,0,0
10,81918850,rs1198560637,A,T,gnomAD Exomes,PASS,NA,c.1276+6T>A,,c.1276+6T>A,splice_region_variant,,1,250944,0.000003984952818158633,0,0,0,16214,0,0,0,34560,0,0,0,10058,0,0,0,18390,0,0,0,21608,0,0,0,113390,0,0,0,6122,0,0,1,30602,0,0
10,81918853,rs1412700966,T,C,gnomAD Exomes,PASS,NA,c.1276+3A>G,,c.1276+3A>G,splice_region_variant,,1,250966,0.0000039846034921065,0,0,0,16214,0,0,0,34566,0,0,0,10060,0,0,0,18390,0,0,0,21612,0,0,1,113402,0,0,0,6120,0,0,0,30602,0,0
10,81918855,rs111749321,C,A,gnomAD Exomes,PASS,NA,c.1276+1G>T,,c.1276+1G>T,splice_donor_variant,,1,250932,0.000003985143385459009,0,0,1,16214,0,0,0,34566,0,0,0,10056,0,0,0,18388,0,0,0,21608,0,0,0,113382,0,0,0,6118,0,0,0,30600,0,0
10,81918856,rs777457189,C,A,gnomAD Exomes,PASS,NA,p.Val426Leu,p.Val426Leu,c.1276G>T,missense_variant,,1,250950,0.000003984857541342897,0,0,0,16214,0,0,0,34566,0,0,0,10060,0,0,0,18388,0,0,0,21602,0,0,1,113398,0,0,0,6122,0,0,0,30600,0,0
10,81918859,rs561587637,C,T,"gnomAD Exomes,gnomAD Genomes",PASS,PASS,p.Val425Met,p.Val425Met,c.1273G>A,missense_variant,,7,282384,0.000024788939883279506,1,0,1,24920,0,0,0,35414,0,0,0,10348,0,0,1,19950,0,0,0,25104,0,0,0,128842,0,0,0,7206,0,0,5,30600,1,0
10,81918860,rs770785396,G,A,gnomAD Exomes,PASS,NA,p.Ala424Ala,c.1272C>T(p.=),c.1272C>T,synonymous_variant,,2,251006,0.000007967937021425783,0,0,0,16212,0,0,0,34568,0,0,0,10062,0,0,0,18390,0,0,0,21624,0,0,0,113426,0,0,0,6122,0,0,2,30602,0,0
10,81918870,rs778841776,C,A,gnomAD Genomes,NA,PASS,p.Gly421Val,p.Gly421Val,c.1262G>T,missense_variant,,1,31396,0.00003185119123455217,0,0,0,8708,0,0,0,848,0,0,0,290,0,0,0,1560,0,0,0,3476,0,0,1,15426,0,0,0,1088,0,0,0,0,0,0
10,81918870,rs778841776,C,T,gnomAD Exomes,PASS,NA,p.Gly421Asp,p.Gly421Asp,c.1262G>A,missense_variant,,1,251056,0.000003983175068510611,0,0,0,16210,0,0,0,34566,0,0,0,10064,0,0,0,18392,0,0,0,21628,0,0,1,113468,0,0,0,6122,0,0,0,30606,0,0
10,81918871,rs745786156,C,G,gnomAD Exomes,PASS,NA,p.Gly421Arg,p.Gly421Arg,c.1261G>C,missense_variant,,2,251088,0.000007965334862677627,0,0,0,16210,0,0,0,34568,0,0,0,10068,0,0,2,18392,0,0,0,21630,0,0,0,113484,0,0,0,6128,0,0,0,30608,0,0
10,81918874,rs201948928,C,T,"gnomAD Exomes,gnomAD Genomes",PASS,PASS,p.Glu420Lys,p.Glu420Lys,c.1258G>A,missense_variant,,8,282508,0.00002831778215130191,0,0,0,24918,0,0,0,35416,0,0,0,10352,0,0,5,19952,0,0,0,25116,0,0,0,128930,0,0,1,7216,0,0,2,30608,0,0
10,81918877,rs775240100,C,A,gnomAD Exomes,PASS,NA,p.Glu419Ter,p.Glu419Ter,c.1255G>T,stop_gained,,1,251164,0.00000398146231147776,0,0,0,16214,0,0,0,34568,0,0,0,10064,0,0,0,18394,0,0,0,21640,0,0,1,113544,0,0,0,6132,0,0,0,30608,0,0
10,81918880,rs61860018,G,A,"gnomAD Exomes,gnomAD Genomes",PASS,PASS,p.Leu418Leu,c.1252C>T(p.=),c.1252C>T,synonymous_variant,,120,282564,0.00042468254979402894,0,0,5,24922,0,0,14,35414,0,0,0,10360,0,0,0,19954,0,0,0,25112,0,0,97,128976,0,0,4,7218,0,0,0,30608,0,0
10,81918883,rs773306833,C,T,"gnomAD Exomes,gnomAD Genomes",PASS,PASS,p.Asp417Asn,p.Asp417Asn,c.1249G>A,missense_variant,,3,282590,0.00001061608691036484,0,0,0,24916,0,0,2,35418,0,0,0,10358,0,0,0,19952,0,0,0,25114,0,0,1,129004,0,0,0,7220,0,0,0,30608,0,0
10,81918884,rs763033566,C,T,gnomAD Exomes,PASS,NA,p.Gly416Gly,c.1248G>A(p.=),c.1248G>A,synonymous_variant,,3,251198,0.000011942770244986026,0,0,0,16214,0,0,0,34572,0,0,0,10070,0,0,1,18394,0,0,0,21640,0,0,0,113568,0,0,0,6130,0,0,2,30610,0,0
10,81918886,rs146683788,C,T,gnomAD Exomes,PASS,NA,p.Gly416Arg,p.Gly416Arg,c.1246G>A,missense_variant,,6,251172,0.00002388801299507907,0,0,0,16216,0,0,1,34564,0,0,0,10070,0,0,0,18394,0,0,0,21638,0,0,4,113546,0,0,0,6132,0,0,1,30612,0,0
10,81918887,rs139193001,G,A,"gnomAD Exomes,gnomAD Genomes",PASS,PASS,p.Ser415Ser,c.1245C>T(p.=),c.1245C>T,synonymous_variant,,24,282568,0.00008493530760737238,0,0,0,24918,0,0,14,35418,0,0,1,10358,0,0,0,19952,0,0,0,25116,0,0,9,128978,0,0,0,7216,0,0,0,30612,0,0
10,81918889,rs759947992,A,T,gnomAD Exomes,PASS,NA,p.Ser415Thr,p.Ser415Thr,c.1243T>A,missense_variant,,3,251198,0.000011942770244986026,0,0,1,16212,0,0,0,34570,0,0,0,10068,0,0,0,18392,0,0,0,21644,0,0,2,113570,0,0,0,6132,0,0,0,30610,0,0
10,81918896,rs1432797074,C,T,gnomAD Genomes,NA,PASS,p.Arg412Arg,c.1236G>A(p.=),c.1236G>A,synonymous_variant,,1,31396,0.00003185119123455217,0,0,1,8704,0,0,0,848,0,0,0,290,0,0,0,1560,0,0,0,3476,0,0,0,15430,0,0,0,1088,0,0,0,0,0,0
10,81918897,rs768043334,C,T,"gnomAD Exomes,gnomAD Genomes",PASS,PASS,p.Arg412Gln,p.Arg412Gln,c.1235G>A,missense_variant,,6,282566,0.000021233977194708494,0,0,0,24928,0,0,3,35420,0,0,0,10362,0,0,0,19950,0,0,0,25108,0,0,3,128960,0,0,0,7224,0,0,0,30614,0,0
10,81918898,rs375383859,G,A,"gnomAD Exomes,gnomAD Genomes",PASS,PASS,p.Arg412Trp,p.Arg412Trp,c.1234C>T,missense_variant,,16,282558,0.00005662554236652298,0,0,0,24922,0,0,0,35422,0,0,0,10360,0,0,0,19952,0,0,0,25104,0,0,15,128966,0,0,0,7220,0,0,1,30612,0,0
10,81918898,rs375383859,GGCA,G,gnomAD Exomes,PASS,NA,p.Cys411del,p.Cys411del,c.1231_1233delTGC,inframe_deletion,,1,251162,0.000003981494015814494,0,0,0,16214,0,0,0,34574,0,0,0,10070,0,0,0,18392,0,0,1,21630,0,0,0,113536,0,0,0,6134,0,0,0,30612,0,0
10,81918904,rs753071285,T,C,gnomAD Exomes,PASS,NA,p.Ile410Val,p.Ile410Val,c.1228A>G,missense_variant,,2,251202,0.000007961720049999601,0,0,0,16216,0,0,0,34572,0,0,0,10072,0,0,0,18390,0,0,0,21636,0,0,2,113564,0,0,0,6138,0,0,0,30614,0,0
10,81918904,rs753071285,T,A,gnomAD Exomes,PASS,NA,p.Ile410Phe,p.Ile410Phe,c.1228A>T,missense_variant,,1,251202,0.0000039808600249998005,0,0,0,16216,0,0,0,34572,0,0,0,10072,0,0,0,18390,0,0,0,21636,0,0,0,113564,0,0,0,6138,0,0,1,30614,0,0
10,81918908,rs74666141,C,T,"gnomAD Exomes,gnomAD Genomes",PASS,PASS,p.Lys408Lys,c.1224G>A(p.=),c.1224G>A,synonymous_variant,,442,282578,0.0015641698929145227,3,0,390,24916,3,0,41,35420,0,0,0,10362,0,0,0,19944,0,0,0,25114,0,0,5,128984,0,0,6,7224,0,0,0,30614,0,0
10,81918910,rs777508467,T,C,gnomAD Exomes,PASS,NA,p.Lys408Glu,p.Lys408Glu,c.1222A>G,missense_variant,,1,251192,0.0000039810185037740056,0,0,0,16210,0,0,0,34572,0,0,0,10070,0,0,0,18386,0,0,0,21640,0,0,1,113562,0,0,0,6138,0,0,0,30614,0,0
10,81918914,rs753290653,A,G,gnomAD Exomes,PASS,NA,p.Ile406Ile,c.1218T>C(p.=),c.1218T>C,synonymous_variant,,6,251146,0.00002389048601212044,0,0,0,16204,0,0,6,34568,0,0,0,10068,0,0,0,18388,0,0,0,21642,0,0,0,113534,0,0,0,6134,0,0,0,30608,0,0
10,81918916,rs1406583086,T,C,gnomAD Exomes,PASS,NA,p.Ile406Val,p.Ile406Val,c.1216A>G,missense_variant,,2,251110,0.000007964637011668193,0,0,0,16198,0,0,1,34568,0,0,0,10068,0,0,0,18388,0,0,0,21644,0,0,0,113504,0,0,0,6134,0,0,1,30606,0,0
10,81918917,rs539615215,G,A,gnomAD Exomes,PASS,NA,p.Asp405Asp,c.1215C>T(p.=),c.1215C>T,synonymous_variant,,2,251086,0.000007965398309742479,0,0,0,16192,0,0,0,34568,0,0,0,10064,0,0,0,18386,0,0,0,21642,0,0,2,113494,0,0,0,6134,0,0,0,30606,0,0
10,81918919,rs778270793,C,T,gnomAD Exomes,PASS,NA,p.Asp405Asn,p.Asp405Asn,c.1213G>A,missense_variant,,9,251096,0.00003584286488036448,0,0,0,16194,0,0,0,34568,0,0,0,10068,0,0,4,18386,0,0,0,21640,0,0,0,113504,0,0,0,6132,0,0,5,30604,0,0
10,81918921,rs1363395739,C,A,gnomAD Exomes,PASS,NA,p.Arg404Leu,p.Arg404Leu,c.1211G>T,missense_variant,,1,251080,0.000003982794328500876,0,0,0,16196,0,0,1,34570,0,0,0,10070,0,0,0,18386,0,0,0,21632,0,0,0,113488,0,0,0,6134,0,0,0,30604,0,0
10,81918921,rs1363395739,C,T,gnomAD Exomes,PASS,NA,p.Arg404Gln,p.Arg404Gln,c.1211G>A,missense_variant,,1,251080,0.000003982794328500876,0,0,0,16196,0,0,0,34570,0,0,0,10070,0,0,0,18386,0,0,0,21632,0,0,1,113488,0,0,0,6134,0,0,0,30604,0,0
10,81918922,rs745864099,G,A,gnomAD Exomes,PASS,NA,p.Arg404Trp,p.Arg404Trp,c.1210C>T,missense_variant,,4,251042,0.00001593358880187379,0,0,0,16198,0,0,0,34572,0,0,0,10066,0,0,0,18386,0,0,0,21626,0,0,4,113464,0,0,0,6128,0,0,0,30602,0,0
10,81918924,,C,G,gnomAD Exomes,PASS,NA,p.Gly403Ala,p.Gly403Ala,c.1208G>C,missense_variant,,1,251098,0.000003982508821257039,0,0,0,16198,0,0,0,34568,0,0,0,10068,0,0,0,18386,0,0,0,21638,0,0,1,113502,0,0,0,6134,0,0,0,30604,0,0
10,81918933,rs1308948221,C,G,gnomAD Exomes,PASS,NA,p.Arg400Thr,p.Arg400Thr,c.1199G>C,missense_variant,,1,251026,0.000003983651095902417,0,0,0,16188,0,0,0,34570,0,0,0,10066,0,0,0,18384,0,0,0,21640,0,0,1,113444,0,0,0,6130,0,0,0,30604,0,0
10,81918939,rs1372826258,TACTCATTGAAA,T,gnomAD Exomes,PASS,NA,p.Phe395ProfsTer9,p.Phe395ProfsTer9,c.1182_1192delTTTCAATGAGT,frameshift_variant,,1,250950,0.000003984857541342897,0,0,0,16180,0,0,1,34566,0,0,0,10056,0,0,0,18380,0,0,0,21640,0,0,0,113408,0,0,0,6122,0,0,0,30598,0,0
10,81918941,rs962957286,C,G,gnomAD Exomes,PASS,NA,p.Glu397Asp,p.Glu397Asp,c.1191G>C,missense_variant,,5,250932,0.000019925716927295043,0,0,1,16176,0,0,0,34564,0,0,0,10060,0,0,0,18380,0,0,0,21634,0,0,0,113400,0,0,4,6122,0,0,0,30596,0,0
10,81918945,rs771962116,T,A,gnomAD Exomes,PASS,NA,p.Asn396Ile,p.Asn396Ile,c.1187A>T,missense_variant,,1,250902,0.000003985619883460475,0,0,0,16176,0,0,0,34560,0,0,0,10058,0,0,0,18382,0,0,0,21638,0,0,1,113372,0,0,0,6120,0,0,0,30596,0,0
10,81918945,rs771962116,T,C,gnomAD Exomes,PASS,NA,p.Asn396Ser,p.Asn396Ser,c.1187A>G,missense_variant,,3,250902,0.000011956859650381425,0,0,1,16176,0,0,1,34560,0,0,0,10058,0,0,0,18382,0,0,0,21638,0,0,1,113372,0,0,0,6120,0,0,0,30596,0,0
10,81918955,rs746761934,T,C,gnomAD Exomes,PASS,NA,c.1181-4A>G,,c.1181-4A>G,splice_region_variant,,5,250710,0.000019943360855171314,0,0,0,16160,0,0,3,34550,0,0,0,10054,0,0,0,18374,0,0,0,21612,0,0,1,113260,0,0,0,6108,0,0,1,30592,0,0
10,81918955,rs746761934,T,A,gnomAD Exomes,PASS,NA,c.1181-4A>T,,c.1181-4A>T,splice_region_variant,,4,250710,0.00001595468868413705,0,0,0,16160,0,0,0,34550,0,0,0,10054,0,0,4,18374,0,0,0,21612,0,0,0,113260,0,0,0,6108,0,0,0,30592,0,0
10,81918956,rs75810295,G,A,"gnomAD Exomes,gnomAD Genomes",PASS,PASS,c.1181-5C>T,,c.1181-5C>T,splice_region_variant,,3482,281994,0.012347780449229417,198,0,3145,24854,198,0,233,35386,0,0,0,10340,0,0,0,19936,0,0,0,25078,0,0,39,128614,0,0,49,7196,0,0,16,30590,0,0
10,81918959,rs376783741,G,A,gnomAD Genomes,NA,PASS,c.1181-8C>T,,c.1181-8C>T,splice_region_variant,,1,31386,0.000031861339450710506,0,0,1,8712,0,0,0,848,0,0,0,290,0,0,0,1560,0,0,0,3476,0,0,0,15412,0,0,0,1088,0,0,0,0,0,0
10,81918959,rs376783741,G,GA,"gnomAD Exomes,gnomAD Genomes",PASS,PASS,c.1181-9dupT,,c.1181-9dupT,intron_variant,,14,281936,0.00004965665966744225,0,0,14,24874,0,0,0,35390,0,0,0,10332,0,0,0,19938,0,0,0,25074,0,0,0,128554,0,0,0,7192,0,0,0,30582,0,0
10,81918960,rs1358923858,A,G,gnomAD Exomes,PASS,NA,c.1181-9T>C,,c.1181-9T>C,intron_variant,,1,250554,0.0000039911555991921905,0,0,0,16146,0,0,1,34540,0,0,0,10042,0,0,0,18374,0,0,0,21606,0,0,0,113158,0,0,0,6102,0,0,0,30586,0,0
10,81918974,rs199860119,T,C,"gnomAD Exomes,gnomAD Genomes",PASS,PASS,c.1181-23A>G,,c.1181-23A>G,intron_variant,,17,281190,0.00006045734201074007,0,0,0,24840,0,0,2,35330,0,0,0,10296,0,0,0,19920,0,0,0,25042,0,0,15,128036,0,0,0,7158,0,0,0,30568,0,0
10,81918976,rs771102449,T,C,gnomAD Exomes,PASS,NA,c.1181-25A>G,,c.1181-25A>G,intron_variant,,8,249668,0.00003204255250973293,0,0,0,16108,0,0,6,34468,0,0,0,9998,0,0,0,18354,0,0,0,21554,0,0,1,112548,0,0,1,6070,0,0,0,30568,0,0
10,81918979,rs774273496,T,C,gnomAD Exomes,PASS,NA,c.1181-28A>G,,c.1181-28A>G,intron_variant,,2,249150,0.000008027292795504716,0,0,0,16066,0,0,0,34436,0,0,0,9986,0,0,0,18338,0,0,0,21530,0,0,1,112198,0,0,1,6054,0,0,0,30542,0,0
10,81918993,rs760129121,T,A,gnomAD Exomes,PASS,NA,c.1181-42A>T,,c.1181-42A>T,intron_variant,,1,247782,0.00000403580566788548,0,0,0,15994,0,0,1,34358,0,0,0,9936,0,0,0,18300,0,0,0,21344,0,0,0,111346,0,0,0,6034,0,0,0,30470,0,0
10,81918994,rs768088292,C,T,gnomAD Exomes,PASS,NA,c.1181-43G>A,,c.1181-43G>A,intron_variant,,1,247652,0.0000040379241839355226,0,0,0,15988,0,0,0,34356,0,0,0,9924,0,0,0,18292,0,0,0,21318,0,0,1,111302,0,0,0,6026,0,0,0,30446,0,0
10,81919001,rs1483284745,A,T,gnomAD Exomes,PASS,NA,c.1181-50T>A,,c.1181-50T>A,intron_variant,,1,247120,0.000004046617028164455,0,0,0,15938,0,0,0,34328,0,0,0,9922,0,0,0,18268,0,0,0,21268,0,0,0,110964,0,0,0,6006,0,0,1,30426,0,0
10,81919007,rs998436486,A,G,gnomAD Genomes,NA,PASS,c.1181-56T>C,,c.1181-56T>C,intron_variant,,1,31404,0.00003184307731499172,0,0,1,8710,0,0,0,848,0,0,0,290,0,0,0,1560,0,0,0,3476,0,0,0,15432,0,0,0,1088,0,0,0,0,0,0
10,81921622,rs149698938,C,T,gnomAD Genomes,NA,PASS,c.1180+69G>A,,c.1180+69G>A,intron_variant,,21,31396,0.0006688750159255956,0,0,19,8716,0,0,0,848,0,0,0,290,0,0,0,1560,0,0,0,3476,0,0,1,15420,0,0,1,1086,0,0,0,0,0,0
10,81921639,rs1411423221,C,A,gnomAD Genomes,NA,PASS,c.1180+52G>T,,c.1180+52G>T,intron_variant,,1,31396,0.00003185119123455217,0,0,0,8718,0,0,0,846,0,0,0,290,0,0,0,1560,0,0,0,3476,0,0,1,15418,0,0,0,1088,0,0,0,0,0,0
10,81921640,rs776010573,C,G,gnomAD Exomes,PASS,NA,c.1180+51G>C,,c.1180+51G>C,intron_variant,,1,242324,0.000004126706393093544,0,0,0,16040,0,0,0,34220,0,0,0,9824,0,0,0,18240,0,0,0,16666,0,0,0,111086,0,0,0,5998,0,0,1,30250,0,0
10,81921641,rs113463944,CCT,C,gnomAD Exomes,PASS,NA,c.1180+48_1180+49delAG,,c.1180+48_1180+49delAG,intron_variant,,6,242894,0.00002470213344092485,0,0,1,16052,0,0,0,34262,0,0,3,9876,0,0,1,18238,0,0,0,16836,0,0,1,111310,0,0,0,6008,0,0,0,30312,0,0
10,81921644,rs367988681,G,A,gnomAD Exomes,PASS,NA,c.1180+47C>T,,c.1180+47C>T,intron_variant,,2,243670,0.00000820782205441786,0,0,0,16070,0,0,0,34322,0,0,0,9898,0,0,0,18254,0,0,0,17186,0,0,2,111586,0,0,0,6018,0,0,0,30336,0,0
10,81921647,rs764546727,T,C,gnomAD Exomes,PASS,NA,c.1180+44A>G,,c.1180+44A>G,intron_variant,,4,244392,0.000016367147860813773,0,0,0,16090,0,0,0,34338,0,0,0,9928,0,0,4,18270,0,0,0,17546,0,0,0,111796,0,0,0,6026,0,0,0,30398,0,0
10,81921648,rs1328764332,G,A,gnomAD Exomes,PASS,NA,c.1180+43C>T,,c.1180+43C>T,intron_variant,,1,244586,0.000004088541453721799,0,0,0,16088,0,0,0,34380,0,0,0,9928,0,0,1,18260,0,0,0,17606,0,0,0,111898,0,0,0,6032,0,0,0,30394,0,0
10,81921653,rs753582528,C,T,gnomAD Exomes,PASS,NA,c.1180+38G>A,,c.1180+38G>A,intron_variant,,1,245634,0.000004071097649348217,0,0,0,16108,0,0,0,34424,0,0,0,9968,0,0,1,18288,0,0,0,18094,0,0,0,112266,0,0,0,6052,0,0,0,30434,0,0
10,81921655,rs1334703191,T,C,gnomAD Exomes,PASS,NA,c.1180+36A>G,,c.1180+36A>G,intron_variant,,1,246046,0.0000040642806629654614,0,0,0,16124,0,0,0,34424,0,0,0,9980,0,0,0,18294,0,0,0,18288,0,0,1,112404,0,0,0,6058,0,0,0,30474,0,0
10,81921659,rs1382155500,A,T,gnomAD Exomes,PASS,NA,c.1180+32T>A,,c.1180+32T>A,intron_variant,,1,246680,0.000004053834927841738,0,0,0,16136,0,0,0,34446,0,0,0,10010,0,0,0,18308,0,0,0,18696,0,0,1,112522,0,0,0,6064,0,0,0,30498,0,0
10,81921660,rs756835280,C,T,"gnomAD Exomes,gnomAD Genomes",PASS,PASS,c.1180+31G>A,,c.1180+31G>A,intron_variant,,8,278184,0.000028757944382135565,0,0,0,24838,0,0,0,35292,0,0,0,10294,0,0,8,19872,0,0,0,22314,0,0,0,127932,0,0,0,7152,0,0,0,30490,0,0
10,81921664,rs764839772,C,A,gnomAD Exomes,PASS,NA,c.1180+27G>T,,c.1180+27G>T,intron_variant,,1,247198,0.000004045340172655119,0,0,0,16144,0,0,0,34478,0,0,0,9994,0,0,0,18318,0,0,0,19084,0,0,1,112600,0,0,0,6076,0,0,0,30504,0,0
10,81921669,rs749857234,G,A,gnomAD Exomes,PASS,NA,c.1180+22C>T,,c.1180+22C>T,intron_variant,,1,248036,0.000004031672821687174,0,0,0,16158,0,0,1,34502,0,0,0,10040,0,0,0,18340,0,0,0,19464,0,0,0,112898,0,0,0,6086,0,0,0,30548,0,0
10,81921669,rs749857234,G,C,gnomAD Exomes,PASS,NA,c.1180+22C>G,,c.1180+22C>G,intron_variant,,1,248036,0.000004031672821687174,0,0,0,16158,0,0,0,34502,0,0,0,10040,0,0,0,18340,0,0,0,19464,0,0,1,112898,0,0,0,6086,0,0,0,30548,0,0
10,81921671,rs1212650713,G,C,gnomAD Exomes,PASS,NA,c.1180+20C>G,,c.1180+20C>G,intron_variant,,1,248110,0.000004030470355890532,0,0,1,16166,0,0,0,34494,0,0,0,10032,0,0,0,18340,0,0,0,19524,0,0,0,112918,0,0,0,6086,0,0,0,30550,0,0
10,81921671,rs1212650713,G,A,gnomAD Exomes,PASS,NA,c.1180+20C>T,,c.1180+20C>T,intron_variant,,3,248110,0.000012091411067671598,0,0,0,16166,0,0,0,34494,0,0,0,10032,0,0,0,18340,0,0,0,19524,0,0,0,112918,0,0,0,6086,0,0,3,30550,0,0
10,81921672,rs758358581,G,C,gnomAD Exomes,PASS,NA,c.1180+19C>G,,c.1180+19C>G,intron_variant,,2,248136,0.00000806009607634523,0,0,0,16166,0,0,0,34490,0,0,0,10044,0,0,0,18342,0,0,0,19554,0,0,2,112902,0,0,0,6088,0,0,0,30550,0,0
10,81921673,rs779912437,G,A,gnomAD Exomes,PASS,NA,c.1180+18C>T,,c.1180+18C>T,intron_variant,,2,248180,0.000008058667096462246,0,0,0,16170,0,0,1,34506,0,0,0,10042,0,0,0,18336,0,0,1,19570,0,0,0,112912,0,0,0,6088,0,0,0,30556,0,0
10,81921679,rs1205521131,A,G,gnomAD Exomes,PASS,NA,c.1180+12T>C,,c.1180+12T>C,intron_variant,,1,248916,0.000004017419531086793,0,0,0,16192,0,0,0,34540,0,0,0,10058,0,0,0,18348,0,0,0,19968,0,0,1,113130,0,0,0,6102,0,0,0,30578,0,0
10,81921685,rs746813362,C,T,gnomAD Exomes,PASS,NA,c.1180+6G>A,,c.1180+6G>A,splice_region_variant,,1,249170,0.000004013324236465064,0,0,0,16196,0,0,0,34558,0,0,0,10060,0,0,0,18352,0,0,0,20118,0,0,0,113196,0,0,0,6102,0,0,1,30588,0,0
10,81921689,rs547460380,A,G,"gnomAD Exomes,gnomAD Genomes",PASS,PASS,c.1180+2T>C,,c.1180+2T>C,splice_donor_variant,,4,280754,0.000014247348212313983,0,0,4,24910,0,0,0,35408,0,0,0,10348,0,0,0,19918,0,0,0,23766,0,0,0,128620,0,0,0,7192,0,0,0,30592,0,0
10,81921692,rs780837868,T,G,gnomAD Exomes,PASS,NA,c.1179A>C,c.1179A>C(p.=),c.1179A>C,splice_region_variant,,1,249482,0.000004008305208391788,0,0,0,16194,0,0,0,34568,0,0,0,10058,0,0,0,18350,0,0,0,20346,0,0,1,113260,0,0,0,6104,0,0,0,30602,0,0
10,81921693,rs760284084,GCTAC,G,gnomAD Exomes,PASS,NA,p.Val392GlnfsTer9,p.Val392GlnfsTer9,c.1174_1177delGTAG,frameshift_variant,,2,249502,0.000008015967807873283,0,0,0,16196,0,0,0,34564,0,0,0,10060,0,0,0,18350,0,0,0,20338,0,0,2,113286,0,0,0,6106,0,0,0,30602,0,0
10,81921702,rs749573800,T,C,gnomAD Exomes,PASS,NA,p.His390Arg,p.His390Arg,c.1169A>G,missense_variant,,1,249770,0.0000040036833887176205,0,0,0,16204,0,0,0,34566,0,0,0,10060,0,0,0,18354,0,0,0,20554,0,0,1,113316,0,0,0,6112,0,0,0,30604,0,0
10,81921702,rs749573800,T,G,gnomAD Exomes,PASS,NA,p.His390Pro,p.His390Pro,c.1169A>C,missense_variant,,2,249770,0.000008007366777435241,0,0,0,16204,0,0,0,34566,0,0,0,10060,0,0,2,18354,0,0,0,20554,0,0,0,113316,0,0,0,6112,0,0,0,30604,0,0
10,81921703,rs894185702,G,A,gnomAD Exomes,PASS,NA,p.His390Tyr,p.His390Tyr,c.1168C>T,missense_variant,,1,249814,0.00000400297821579255,0,0,0,16206,0,0,0,34566,0,0,0,10060,0,0,0,18354,0,0,0,20558,0,0,1,113348,0,0,0,6114,0,0,0,30608,0,0
10,81921706,rs1187189239,C,A,gnomAD Genomes,NA,PASS,p.Ala389Ser,p.Ala389Ser,c.1165G>T,missense_variant,,1,31400,0.00003184713375796178,0,0,0,8714,0,0,0,848,0,0,0,290,0,0,0,1560,0,0,0,3476,0,0,1,15424,0,0,0,1088,0,0,0,0,0,0
10,81921707,rs1416609336,C,T,gnomAD Exomes,PASS,NA,p.Arg388Arg,c.1164G>A(p.=),c.1164G>A,synonymous_variant,,1,249812,0.000004003010263718316,0,0,0,16208,0,0,0,34566,0,0,0,10062,0,0,0,18350,0,0,0,20556,0,0,1,113350,0,0,0,6114,0,0,0,30606,0,0
10,81921708,rs372196644,C,T,"gnomAD Exomes,gnomAD Genomes",PASS,PASS,p.Arg388Gln,p.Arg388Gln,c.1163G>A,missense_variant,,18,281168,0.00006401866499743926,0,0,0,24920,0,0,1,35408,0,0,0,10354,0,0,0,19914,0,0,0,24012,0,0,5,128752,0,0,0,7202,0,0,12,30606,0,0
10,81921709,rs539605721,G,A,"gnomAD Exomes,gnomAD Genomes",PASS,PASS,p.Arg388Trp,p.Arg388Trp,c.1162C>T,missense_variant,,7,281232,0.00002489048187972919,0,0,2,24924,0,0,0,35416,0,0,0,10352,0,0,0,19912,0,0,0,24048,0,0,3,128778,0,0,1,7196,0,0,1,30606,0,0
10,81921709,rs539605721,G,C,gnomAD Exomes,PASS,NA,p.Arg388Gly,p.Arg388Gly,c.1162C>G,missense_variant,,1,249848,0.00000400243347955557,0,0,0,16210,0,0,1,34568,0,0,0,10062,0,0,0,18352,0,0,0,20572,0,0,0,113368,0,0,0,6110,0,0,0,30606,0,0
10,81921711,rs758231628,C,T,gnomAD Exomes,PASS,NA,p.Ser387Asn,p.Ser387Asn,c.1160G>A,missense_variant,,2,249912,0.000008002816991581037,0,0,1,16216,0,0,0,34568,0,0,0,10064,0,0,0,18348,0,0,0,20598,0,0,1,113398,0,0,0,6112,0,0,0,30608,0,0
10,81921714,rs376869591,C,T,"gnomAD Exomes,gnomAD Genomes",PASS,PASS,p.Arg386Gln,p.Arg386Gln,c.1157G>A,missense_variant,,3,281358,0.000010662572238926919,0,0,2,24928,0,0,0,35420,0,0,0,10352,0,0,0,19914,0,0,0,24114,0,0,0,128824,0,0,0,7202,0,0,1,30604,0,0
10,81921715,rs146222704,G,A,"gnomAD Exomes,gnomAD Genomes",PASS,PASS,p.Arg386Trp,p.Arg386Trp,c.1156C>T,missense_variant,,90,281376,0.00031985670419652,0,0,3,24918,0,0,1,35424,0,0,0,10352,0,0,72,19918,0,0,0,24114,0,0,1,128844,0,0,4,7202,0,0,9,30604,0,0
10,81921721,rs1459640871,A,G,gnomAD Genomes,NA,PASS,p.Cys384Arg,p.Cys384Arg,c.1150T>C,missense_variant,,1,31396,0.00003185119123455217,0,0,0,8712,0,0,0,848,0,0,0,290,0,0,0,1558,0,0,0,3476,0,0,1,15424,0,0,0,1088,0,0,0,0,0,0
10,81921722,rs199963158,C,G,gnomAD Exomes,PASS,NA,p.Leu383Leu,c.1149G>C(p.=),c.1149G>C,synonymous_variant,,2,250150,0.000007995202878273037,0,0,2,16214,0,0,0,34576,0,0,0,10070,0,0,0,18362,0,0,0,20716,0,0,0,113480,0,0,0,6122,0,0,0,30610,0,0
10,81921722,rs199963158,C,A,gnomAD Exomes,PASS,NA,p.Leu383Leu,c.1149G>T(p.=),c.1149G>T,synonymous_variant,,3,250150,0.000011992804317409555,0,0,0,16214,0,0,0,34576,0,0,0,10070,0,0,3,18362,0,0,0,20716,0,0,0,113480,0,0,0,6122,0,0,0,30610,0,0
10,81921728,rs143165716,C,T,"gnomAD Exomes,gnomAD Genomes",PASS,PASS,p.Ala381Ala,c.1143G>A(p.=),c.1143G>A,synonymous_variant,,22,281526,0.00007814553540347961,0,0,16,24934,0,0,3,35424,0,0,0,10358,0,0,0,19914,0,0,0,24156,0,0,0,128916,0,0,1,7214,0,0,2,30610,0,0
10,81921729,rs1225240572,G,A,gnomAD Exomes,PASS,NA,p.Ala381Val,p.Ala381Val,c.1142C>T,missense_variant,,1,250096,0.0000039984645895975946,0,0,0,16220,0,0,1,34572,0,0,0,10074,0,0,0,18360,0,0,0,20642,0,0,0,113494,0,0,0,6126,0,0,0,30608,0,0
10,81921731,rs766027057,A,G,"gnomAD Exomes,gnomAD Genomes",PASS,PASS,p.Asn380Asn,c.1140T>C(p.=),c.1140T>C,synonymous_variant,,30,281594,0.0001065363608599615,0,0,0,24934,0,0,10,35424,0,0,0,10362,0,0,0,19918,0,0,0,24180,0,0,20,128956,0,0,0,7210,0,0,0,30610,0,0
10,81921732,rs749966764,T,C,gnomAD Exomes,PASS,NA,p.Asn380Ser,p.Asn380Ser,c.1139A>G,missense_variant,,3,250184,0.00001199117449557126,0,0,0,16218,0,0,1,34572,0,0,0,10074,0,0,1,18354,0,0,0,20706,0,0,1,113526,0,0,0,6124,0,0,0,30610,0,0
10,81921733,rs1208869888,T,C,gnomAD Exomes,PASS,NA,p.Asn380Asp,p.Asn380Asp,c.1138A>G,missense_variant,,1,250152,0.000003997569477757523,0,0,0,16216,0,0,0,34572,0,0,0,10074,0,0,0,18354,0,0,0,20688,0,0,1,113514,0,0,0,6124,0,0,0,30610,0,0
10,81921735,rs757839642,A,T,gnomAD Exomes,PASS,NA,p.Phe379Tyr,p.Phe379Tyr,c.1136T>A,missense_variant,,1,250146,0.000003997665363427758,0,0,0,16216,0,0,0,34572,0,0,0,10070,0,0,0,18354,0,0,0,20694,0,0,0,113508,0,0,0,6122,0,0,1,30610,0,0
10,81921741,rs1455615741,G,T,gnomAD Genomes,NA,PASS,p.Ser377Tyr,p.Ser377Tyr,c.1130C>A,missense_variant,,1,31396,0.00003185119123455217,0,0,0,8712,0,0,0,848,0,0,0,290,0,0,0,1560,0,0,0,3476,0,0,1,15424,0,0,0,1086,0,0,0,0,0,0
10,81921742,rs1371200629,ACTCGTCTGTTCCCAGGCGGTT,A,gnomAD Exomes,PASS,NA,p.Asn370_Glu376del,p.Asn370_Glu376del,c.1108_1128delAACCGCCTGGGAACAGACGAG,inframe_deletion,,1,249944,0.0000040008962007489676,0,0,1,16212,0,0,0,34566,0,0,0,10068,0,0,0,18344,0,0,0,20600,0,0,0,113426,0,0,0,6118,0,0,0,30610,0,0
10,81921745,rs147829571,C,CA,gnomAD Exomes,PASS,NA,p.Glu376Ter,p.Glu376Ter,c.1125_1126insT,frameshift_variant,,1,249780,0.000004003523100328289,0,0,0,16214,0,0,0,34564,0,0,0,10064,0,0,0,18344,0,0,0,20468,0,0,1,113398,0,0,0,6120,0,0,0,30608,0,0
10,81921745,rs147829571,C,T,gnomAD Exomes,PASS,NA,p.Glu376Lys,p.Glu376Lys,c.1126G>A,missense_variant,,3,249780,0.000012010569300984867,0,0,2,16214,0,0,0,34564,0,0,0,10064,0,0,0,18344,0,0,0,20468,0,0,0,113398,0,0,0,6120,0,0,1,30608,0,0
10,81921746,rs751807530,G,T,gnomAD Exomes,PASS,NA,p.Asp375Glu,p.Asp375Glu,c.1125C>A,missense_variant,,1,249778,0.0000040035551569793976,0,0,0,16206,0,0,0,34564,0,0,0,10064,0,0,1,18346,0,0,0,20478,0,0,0,113392,0,0,0,6120,0,0,0,30608,0,0
10,81921746,rs751807530,G,GGT,gnomAD Exomes,PASS,NA,p.Asp375GlufsTer19,p.Asp375GlufsTer19,c.1124_1125insAC,frameshift_variant,,1,249778,0.0000040035551569793976,0,0,0,16206,0,0,0,34564,0,0,0,10064,0,0,0,18346,0,0,0,20478,0,0,1,113392,0,0,0,6120,0,0,0,30608,0,0
10,81921746,rs751807530,G,A,gnomAD Exomes,PASS,NA,p.Asp375Asp,c.1125C>T(p.=),c.1125C>T,synonymous_variant,,4,249778,0.00001601422062791759,0,0,0,16206,0,0,2,34564,0,0,0,10064,0,0,0,18346,0,0,0,20478,0,0,2,113392,0,0,0,6120,0,0,0,30608,0,0
10,81921748,rs763214442,C,CT,gnomAD Exomes,PASS,NA,p.Asp375ArgfsTer23,p.Asp375ArgfsTer23,c.1122dupA,frameshift_variant,,1,249714,0.000004004581240939635,0,0,0,16204,0,0,0,34560,0,0,0,10066,0,0,0,18348,0,0,0,20428,0,0,1,113376,0,0,0,6122,0,0,0,30610,0,0
10,81921752,rs755243184,T,C,"gnomAD Exomes,gnomAD Genomes",PASS,PASS,p.Gly373Gly,c.1119A>G(p.=),c.1119A>G,synonymous_variant,,2,280812,0.000007122202754868026,0,0,1,24908,0,0,0,35404,0,0,0,10352,0,0,0,19900,0,0,0,23758,0,0,1,128684,0,0,0,7202,0,0,0,30604,0,0
10,81921753,rs555993142,C,T,gnomAD Exomes,PASS,NA,p.Gly373Glu,p.Gly373Glu,c.1118G>A,missense_variant,,1,249420,0.000004009301579664822,0,0,0,16196,0,0,0,34554,0,0,0,10062,0,0,0,18340,0,0,0,20252,0,0,1,113296,0,0,0,6114,0,0,0,30606,0,0
10,81921754,rs781081340,C,T,gnomAD Exomes,PASS,NA,p.Gly373Arg,p.Gly373Arg,c.1117G>A,missense_variant,,1,249332,0.000004010716634848315,0,0,0,16182,0,0,0,34552,0,0,0,10068,0,0,0,18338,0,0,0,20218,0,0,1,113264,0,0,0,6108,0,0,0,30602,0,0
10,81921759,rs139186583,C,T,"gnomAD Exomes,gnomAD Genomes",PASS,PASS,p.Arg371His,p.Arg371His,c.1112G>A,missense_variant,,38,280072,0.00013567939672655603,0,0,28,24860,0,0,3,35380,0,0,0,10354,0,0,2,19888,0,0,2,23322,0,0,3,128484,0,0,0,7188,0,0,0,30596,0,0
10,81921760,rs757513641,G,A,"gnomAD Exomes,gnomAD Genomes",PASS,PASS,p.Arg371Cys,p.Arg371Cys,c.1111C>T,missense_variant,,2,280050,0.000007141581860382075,0,0,0,24866,0,0,0,35376,0,0,0,10350,0,0,0,19888,0,0,0,23308,0,0,1,128476,0,0,1,7192,0,0,0,30594,0,0
10,81921761,rs1310142722,G,T,gnomAD Genomes,NA,PASS,p.Asn370Lys,p.Asn370Lys,c.1110C>A,missense_variant,,1,31398,0.000031849162367029746,0,0,0,8714,0,0,0,848,0,0,0,290,0,0,0,1560,0,0,0,3476,0,0,1,15422,0,0,0,1088,0,0,0,0,0,0
10,81921766,rs34414015,C,T,"gnomAD Exomes,gnomAD Genomes",PASS,PASS,p.Glu369Lys,p.Glu369Lys,c.1105G>A,missense_variant,,982,279920,0.0035081451843383825,4,0,28,24854,0,0,83,35374,0,0,0,10346,0,0,1,19892,0,0,40,23222,0,0,756,128460,3,0,33,7184,0,0,41,30588,1,0
10,81921767,rs746081543,C,T,gnomAD Exomes,PASS,NA,p.Gly368Gly,c.1104G>A(p.=),c.1104G>A,synonymous_variant,,2,248526,0.000008047447751945471,0,0,2,16138,0,0,0,34536,0,0,0,10058,0,0,0,18330,0,0,0,19692,0,0,0,113086,0,0,0,6094,0,0,0,30592,0,0
10,81921769,rs772333853,C,A,gnomAD Exomes,PASS,NA,p.Gly368Trp,p.Gly368Trp,c.1102G>T,missense_variant,,1,248174,0.000004029430963759298,0,0,0,16110,0,0,0,34530,0,0,0,10048,0,0,0,18328,0,0,0,19502,0,0,1,112980,0,0,0,6094,0,0,0,30582,0,0
10,81921769,rs772333853,C,T,gnomAD Exomes,PASS,NA,p.Gly368Arg,p.Gly368Arg,c.1102G>A,missense_variant,,2,248174,0.000008058861927518596,0,0,0,16110,0,0,0,34530,0,0,0,10048,0,0,0,18328,0,0,0,19502,0,0,2,112980,0,0,0,6094,0,0,0,30582,0,0
10,81921770,rs780256561,G,A,gnomAD Exomes,PASS,NA,p.Ala367Ala,c.1101C>T(p.=),c.1101C>T,synonymous_variant,,5,248246,0.00002014131144107055,0,0,0,16116,0,0,2,34526,0,0,0,10056,0,0,1,18330,0,0,0,19536,0,0,0,113016,0,0,0,6092,0,0,2,30574,0,0
10,81921771,rs747556311,G,A,"gnomAD Exomes,gnomAD Genomes",PASS,PASS,p.Ala367Val,p.Ala367Val,c.1100C>T,missense_variant,,37,279438,0.00013240862015903348,0,0,0,24826,0,0,0,35362,0,0,0,10334,0,0,37,19892,0,0,0,22854,0,0,0,128412,0,0,0,7180,0,0,0,30578,0,0
10,81921773,rs141456938,C,A,gnomAD Genomes,NA,PASS,p.Ala366Ala,c.1098G>T(p.=),c.1098G>T,synonymous_variant,,1,31408,0.00003183902190524707,0,0,0,8718,0,0,0,848,0,0,0,290,0,0,0,1560,0,0,0,3476,0,0,1,15428,0,0,0,1088,0,0,0,0,0,0
10,81921773,rs141456938,C,T,gnomAD Exomes,PASS,NA,p.Ala366Ala,c.1098G>A(p.=),c.1098G>A,synonymous_variant,,4,248084,0.000016123571048515825,0,0,0,16112,0,0,0,34526,0,0,0,10056,0,0,0,18322,0,0,0,19406,0,0,3,112992,0,0,0,6092,0,0,1,30578,0,0
10,81921774,rs370575501,G,A,gnomAD Exomes,PASS,NA,p.Ala366Val,p.Ala366Val,c.1097C>T,missense_variant,,5,247598,0.000020194024184363364,0,0,0,16074,0,0,3,34510,0,0,0,10054,0,0,0,18316,0,0,0,19146,0,0,0,112894,0,0,0,6080,0,0,2,30524,0,0
10,81921777,rs762030128,T,A,gnomAD Exomes,PASS,NA,p.Tyr365Phe,p.Tyr365Phe,c.1094A>T,missense_variant,,1,247880,0.000004034210101662095,0,0,0,16106,0,0,0,34516,0,0,0,10050,0,0,0,18328,0,0,0,19240,0,0,0,112982,0,0,0,6092,0,0,1,30566,0,0
10,81921777,rs762030128,T,C,gnomAD Exomes,PASS,NA,p.Tyr365Cys,p.Tyr365Cys,c.1094A>G,missense_variant,,1,247880,0.000004034210101662095,0,0,0,16106,0,0,0,34516,0,0,1,10050,0,0,0,18328,0,0,0,19240,0,0,0,112982,0,0,0,6092,0,0,0,30566,0,0
10,81921779,rs1055965178,C,T,"gnomAD Exomes,gnomAD Genomes",PASS,PASS,p.Leu364Leu,c.1092G>A(p.=),c.1092G>A,synonymous_variant,,3,279072,0.000010749914000687994,0,0,0,24824,0,0,1,35362,0,0,0,10334,0,0,0,19878,0,0,0,22586,0,0,2,128344,0,0,0,7170,0,0,0,30574,0,0
10,81921785,rs769495145,C,T,gnomAD Exomes,PASS,NA,c.1087-1G>A,,c.1087-1G>A,splice_acceptor_variant,lof_flag,2,246918,0.000008099855012595275,0,0,0,16058,0,0,0,34498,0,0,0,10034,0,0,0,18306,0,0,0,18692,0,0,2,112716,0,0,0,6072,0,0,0,30542,0,0
10,81921787,rs200674282,GGAGA,G,gnomAD Exomes,PASS,NA,c.1087-7_1087-4delTCTC,,c.1087-7_1087-4delTCTC,splice_region_variant,,1,246240,0.000004061078622482131,0,0,0,16030,0,0,0,34490,0,0,0,10022,0,0,1,18296,0,0,0,18284,0,0,0,112520,0,0,0,6066,0,0,0,30532,0,0
10,81921789,rs1290234024,A,C,gnomAD Exomes,PASS,NA,c.1087-5T>G,,c.1087-5T>G,splice_region_variant,,1,245692,0.000004070136593784088,0,0,0,15998,0,0,1,34476,0,0,0,10004,0,0,0,18276,0,0,0,18008,0,0,0,112362,0,0,0,6056,0,0,0,30512,0,0
10,81921792,rs76666369,G,C,"gnomAD Exomes,gnomAD Genomes",PASS,PASS,c.1087-8C>G,,c.1087-8C>G,splice_region_variant,,274,277148,0.0009886414478906577,3,0,252,24700,3,0,13,35316,0,0,0,10304,0,0,0,19832,0,0,0,21478,0,0,4,127854,0,0,5,7150,0,0,0,30514,0,0
10,81921794,rs762584554,G,C,gnomAD Exomes,PASS,NA,c.1087-10C>G,,c.1087-10C>G,intron_variant,,2,245220,0.00000815594160345812,0,0,0,15970,0,0,0,34442,0,0,0,10002,0,0,0,18270,0,0,0,17728,0,0,2,112260,0,0,0,6052,0,0,0,30496,0,0
10,81921796,rs1268634933,G,A,gnomAD Exomes,PASS,NA,c.1087-12C>T,,c.1087-12C>T,intron_variant,,1,244868,0.0000040838329222274855,0,0,0,15954,0,0,0,34426,0,0,0,9992,0,0,0,18266,0,0,0,17574,0,0,0,112132,0,0,0,6042,0,0,1,30482,0,0
10,81921802,rs45557433,C,A,gnomAD Exomes,PASS,NA,c.1087-18G>T,,c.1087-18G>T,intron_variant,,1,243194,0.000004111943551238928,0,0,0,15820,0,0,0,34350,0,0,0,9950,0,0,0,18222,0,0,0,16912,0,0,0,111566,0,0,0,6018,0,0,1,30356,0,0
10,81921802,rs45557433,C,T,"gnomAD Exomes,gnomAD Genomes",PASS,PASS,c.1087-18G>A,,c.1087-18G>A,intron_variant,,39,274604,0.0001420226944982593,0,0,4,24538,0,0,4,35198,0,0,0,10240,0,0,1,19782,0,0,0,20388,0,0,29,126996,0,0,1,7106,0,0,0,30356,0,0
10,81921803,rs368776217,G,A,gnomAD Exomes,PASS,NA,c.1087-19C>T,,c.1087-19C>T,intron_variant,,12,241108,0.00004977022744993944,0,0,0,15638,0,0,8,34250,0,0,0,9902,0,0,0,18150,0,0,0,16192,0,0,4,110766,0,0,0,5956,0,0,0,30254,0,0
10,81921803,rs368776217,G,T,gnomAD Exomes,PASS,NA,c.1087-19C>A,,c.1087-19C>A,intron_variant,,2,241108,0.00000829503790832324,0,0,0,15638,0,0,0,34250,0,0,0,9902,0,0,0,18150,0,0,0,16192,0,0,2,110766,0,0,0,5956,0,0,0,30254,0,0
10,81921808,rs577767386,T,C,gnomAD Exomes,PASS,NA,c.1087-24A>G,,c.1087-24A>G,intron_variant,,2,241382,0.000008285621960212443,0,0,2,15698,0,0,0,34266,0,0,0,9912,0,0,0,18154,0,0,0,16206,0,0,0,110906,0,0,0,5972,0,0,0,30268,0,0
10,81921810,rs2304410,T,C,"gnomAD Exomes,gnomAD Genomes",PASS,PASS,c.1087-26A>G,,c.1087-26A>G,intron_variant,,40362,271186,0.14883511685706488,3610,0,2438,24336,132,0,9215,34820,1262,0,1230,10182,85,0,280,19670,4,0,2004,19380,103,0,17285,125596,1111,0,1085,7036,98,0,6825,30166,815,0
10,81921824,rs367579997,C,T,gnomAD Exomes,PASS,NA,c.1087-40G>A,,c.1087-40G>A,intron_variant,,2,230010,0.000008695274118516586,0,0,2,14996,0,0,0,33064,0,0,0,9618,0,0,0,17674,0,0,0,13724,0,0,0,105734,0,0,0,5772,0,0,0,29428,0,0
10,81921825,rs780307887,C,T,gnomAD Exomes,PASS,NA,c.1087-41G>A,,c.1087-41G>A,intron_variant,,2,229846,0.000008701478381176962,0,0,0,14986,0,0,0,33032,0,0,0,9604,0,0,2,17654,0,0,0,13744,0,0,0,105634,0,0,0,5776,0,0,0,29416,0,0
10,81921828,rs747033001,G,A,gnomAD Exomes,PASS,NA,c.1087-44C>T,,c.1087-44C>T,intron_variant,,5,228630,0.000021869395967283383,0,0,0,14940,0,0,0,32736,0,0,0,9576,0,0,5,17592,0,0,0,13580,0,0,0,105132,0,0,0,5736,0,0,0,29338,0,0
10,81921829,rs1200303946,A,G,gnomAD Genomes,NA,PASS,c.1087-45T>C,,c.1087-45T>C,intron_variant,,1,31396,0.00003185119123455217,0,0,0,8710,0,0,0,848,0,0,0,290,0,0,0,1560,0,0,1,3476,0,0,0,15426,0,0,0,1086,0,0,0,0,0,0
10,81921830,rs769223181,C,T,gnomAD Exomes,PASS,NA,c.1087-46G>A,,c.1087-46G>A,intron_variant,,1,226100,0.00000442282176028306,0,0,0,14822,0,0,0,32174,0,0,0,9452,0,0,0,17470,0,0,0,13346,0,0,1,103994,0,0,0,5656,0,0,0,29186,0,0
10,81921832,rs781488814,C,T,gnomAD Exomes,PASS,NA,c.1087-48G>A,,c.1087-48G>A,intron_variant,,7,223912,0.00003126228161063275,0,0,0,14676,0,0,7,31964,0,0,0,9380,0,0,0,17270,0,0,0,13020,0,0,0,102972,0,0,0,5592,0,0,0,29038,0,0
10,81921833,rs567531642,C,G,gnomAD Exomes,PASS,NA,c.1087-49G>C,,c.1087-49G>C,intron_variant,,1,224086,0.000004462572405237275,0,0,0,14688,0,0,0,31972,0,0,0,9374,0,0,0,17310,0,0,0,13018,0,0,1,103022,0,0,0,5584,0,0,0,29118,0,0
10,81921833,rs567531642,C,CA,gnomAD Exomes,PASS,NA,c.1087-50dupT,,c.1087-50dupT,intron_variant,,172,224086,0.0007675624537008112,1,0,0,14688,0,0,0,31972,0,0,0,9374,0,0,0,17310,0,0,0,13018,0,0,0,103022,0,0,0,5584,0,0,172,29118,1,0
10,81921843,rs563638935,T,C,gnomAD Genomes,NA,PASS,c.1087-59A>G,,c.1087-59A>G,intron_variant,,6,31400,0.0001910828025477707,0,0,0,8710,0,0,0,848,0,0,1,290,0,0,0,1560,0,0,0,3476,0,0,4,15428,0,0,1,1088,0,0,0,0,0,0
10,81921847,rs1343791074,C,G,gnomAD Genomes,NA,PASS,c.1087-63G>C,,c.1087-63G>C,intron_variant,,1,31400,0.00003184713375796178,0,0,0,8714,0,0,0,848,0,0,0,290,0,0,1,1560,0,0,0,3476,0,0,0,15424,0,0,0,1088,0,0,0,0,0,0
10,81923031,rs1045477376,A,G,gnomAD Genomes,NA,PASS,c.1086+74T>C,,c.1086+74T>C,intron_variant,,1,31380,0.000031867431485022305,0,0,1,8698,0,0,0,848,0,0,0,290,0,0,0,1560,0,0,0,3476,0,0,0,15420,0,0,0,1088,0,0,0,0,0,0
10,81923054,rs371661286,C,T,gnomAD Exomes,PASS,NA,c.1086+51G>A,,c.1086+51G>A,intron_variant,,12,247562,0.000048472705827227116,0,0,0,15790,0,0,1,34184,0,0,0,9962,0,0,1,18236,0,0,1,21394,0,0,6,111916,0,0,1,6080,0,0,2,30000,0,0
10,81923055,rs770117003,G,A,"gnomAD Exomes,gnomAD Genomes",PASS,PASS,c.1086+50C>T,,c.1086+50C>T,intron_variant,,2,279652,0.000007151745741135411,0,0,0,24558,0,0,0,35112,0,0,0,10274,0,0,0,19818,0,0,0,24910,0,0,1,127664,0,0,0,7176,0,0,1,30140,0,0
10,81923057,rs1425834301,G,A,gnomAD Genomes,NA,PASS,c.1086+48C>T,,c.1086+48C>T,intron_variant,,1,31382,0.00003186540054808489,0,0,0,8704,0,0,0,848,0,0,0,290,0,0,0,1558,0,0,0,3476,0,0,1,15418,0,0,0,1088,0,0,0,0,0,0
10,81923058,rs773544737,G,A,"gnomAD Exomes,gnomAD Genomes",PASS,PASS,c.1086+47C>T,,c.1086+47C>T,intron_variant,,3,280382,0.000010699688282414706,0,0,0,24636,0,0,0,35184,0,0,0,10294,0,0,0,19876,0,0,0,24960,0,0,3,128048,0,0,0,7186,0,0,0,30198,0,0
10,81923058,rs773544737,G,T,gnomAD Exomes,PASS,NA,c.1086+47C>A,,c.1086+47C>A,intron_variant,,1,248994,0.000004016161031992739,0,0,0,15928,0,0,0,34336,0,0,0,10004,0,0,0,18318,0,0,0,21484,0,0,0,112628,0,0,0,6098,0,0,1,30198,0,0
10,81923061,rs1291441708,C,A,gnomAD Exomes,PASS,NA,c.1086+44G>T,,c.1086+44G>T,intron_variant,,1,249444,0.000004008915828803258,0,0,0,16000,0,0,0,34358,0,0,0,10012,0,0,0,18338,0,0,0,21516,0,0,0,112846,0,0,0,6094,0,0,1,30280,0,0
10,81923079,rs762636027,T,C,gnomAD Exomes,PASS,NA,c.1086+26A>G,,c.1086+26A>G,intron_variant,,1,250968,0.000003984571738229575,0,0,0,16186,0,0,0,34530,0,0,0,10072,0,0,0,18388,0,0,0,21610,0,0,1,113536,0,0,0,6118,0,0,0,30528,0,0
10,81923085,rs770531394,G,T,gnomAD Exomes,PASS,NA,c.1086+20C>A,,c.1086+20C>A,intron_variant,,2,251146,0.00000796349533737348,0,0,0,16216,0,0,2,34556,0,0,0,10076,0,0,0,18388,0,0,0,21618,0,0,0,113602,0,0,0,6128,0,0,0,30562,0,0
10,81923086,rs1249114885,G,A,gnomAD Exomes,PASS,NA,c.1086+19C>T,,c.1086+19C>T,intron_variant,,1,251150,0.000003981684252438781,0,0,0,16212,0,0,0,34562,0,0,0,10074,0,0,0,18384,0,0,0,21626,0,0,1,113604,0,0,0,6126,0,0,0,30562,0,0
10,81923089,rs1010096342,T,C,gnomAD Exomes,PASS,NA,c.1086+16A>G,,c.1086+16A>G,intron_variant,,2,251206,0.000007961593274046002,0,0,0,16216,0,0,2,34560,0,0,0,10072,0,0,0,18388,0,0,0,21628,0,0,0,113640,0,0,0,6132,0,0,0,30570,0,0
10,81923096,rs1411368709,C,G,gnomAD Genomes,NA,PASS,c.1086+9G>C,,c.1086+9G>C,intron_variant,,1,31396,0.00003185119123455217,0,0,1,8704,0,0,0,848,0,0,0,290,0,0,0,1560,0,0,0,3476,0,0,0,15432,0,0,0,1086,0,0,0,0,0,0
10,81923099,rs1471624020,A,G,gnomAD Genomes,NA,PASS,c.1086+6T>C,,c.1086+6T>C,splice_region_variant,,1,31368,0.00003187962254526906,0,0,1,8704,0,0,0,848,0,0,0,290,0,0,0,1560,0,0,0,3472,0,0,0,15406,0,0,0,1088,0,0,0,0,0,0
10,81923102,rs1188262455,C,A,gnomAD Exomes,PASS,NA,c.1086+3G>T,,c.1086+3G>T,splice_region_variant,,1,251298,0.000003979339270507525,0,0,0,16226,0,0,1,34566,0,0,0,10078,0,0,0,18388,0,0,0,21632,0,0,0,113684,0,0,0,6132,0,0,0,30592,0,0
10,81923102,rs1188262455,C,T,gnomAD Exomes,PASS,NA,c.1086+3G>A,,c.1086+3G>A,splice_region_variant,,1,251298,0.000003979339270507525,0,0,0,16226,0,0,0,34566,0,0,0,10078,0,0,0,18388,0,0,0,21632,0,0,1,113684,0,0,0,6132,0,0,0,30592,0,0
10,81923103,rs758902676,A,G,gnomAD Exomes,PASS,NA,c.1086+2T>C,,c.1086+2T>C,splice_donor_variant,,3,251320,0.000011936972783702053,0,0,0,16236,0,0,0,34566,0,0,0,10078,0,0,0,18388,0,0,0,21630,0,0,3,113696,0,0,0,6134,0,0,0,30592,0,0
10,81923110,rs767049795,C,T,"gnomAD Exomes,gnomAD Genomes",PASS,PASS,p.Ala361Thr,p.Ala361Thr,c.1081G>A,missense_variant,,12,282746,0.000042440918704420224,0,0,0,24948,0,0,0,35422,0,0,0,10368,0,0,0,19950,0,0,0,25112,0,0,0,129136,0,0,1,7222,0,0,11,30588,0,0
10,81923114,rs752632624,T,C,gnomAD Exomes,PASS,NA,p.Arg359Arg,c.1077A>G(p.=),c.1077A>G,synonymous_variant,,3,251374,0.000011934408490933827,0,0,0,16242,0,0,0,34578,0,0,0,10076,0,0,1,18392,0,0,0,21642,0,0,2,113716,0,0,0,6136,0,0,0,30592,0,0
10,81923116,rs1384347295,T,TCCTGGGCGAGTGACATGTCAC,gnomAD Exomes,PASS,NA,p.Gln358_Arg359insValThrCysHisSerProArg,p.Gln358_Arg359insValThrCysHisSerProArg,c.1074_1075insGTGACATGTCACTCGCCCAGG,inframe_insertion,,1,251372,0.000003978167815031109,0,0,0,16244,0,0,0,34574,0,0,0,10078,0,0,0,18392,0,0,0,21644,0,0,0,113714,0,0,0,6134,0,0,1,30592,0,0
10,81923122,rs760637842,C,T,gnomAD Exomes,PASS,NA,p.Ala357Thr,p.Ala357Thr,c.1069G>A,missense_variant,,1,251372,0.000003978167815031109,0,0,0,16244,0,0,1,34572,0,0,0,10078,0,0,0,18392,0,0,0,21638,0,0,0,113718,0,0,0,6134,0,0,0,30596,0,0
10,81923123,rs541062920,G,A,"gnomAD Exomes,gnomAD Genomes",PASS,PASS,p.Leu356Leu,c.1068C>T(p.=),c.1068C>T,synonymous_variant,,40,282784,0.00014145071856965034,0,0,1,24960,0,0,29,35422,0,0,0,10368,0,0,1,19952,0,0,1,25116,0,0,3,129150,0,0,3,7222,0,0,2,30594,0,0
10,81923123,rs541062920,G,T,gnomAD Exomes,PASS,NA,p.Leu356Leu,c.1068C>A(p.=),c.1068C>A,synonymous_variant,,1,251382,0.00000397800956313499,0,0,0,16248,0,0,0,34574,0,0,0,10078,0,0,0,18392,0,0,0,21640,0,0,0,113722,0,0,0,6134,0,0,1,30594,0,0
10,81923130,rs373296075,A,G,gnomAD Exomes,PASS,NA,p.Met354Thr,p.Met354Thr,c.1061T>C,missense_variant,,9,251428,0.00003579553589894523,0,0,5,16250,0,0,1,34578,0,0,0,10078,0,0,0,18392,0,0,0,21644,0,0,2,113742,0,0,1,6136,0,0,0,30608,0,0
10,81923131,rs780362716,T,G,gnomAD Exomes,PASS,NA,p.Met354Leu,p.Met354Leu,c.1060A>C,missense_variant,,1,251426,0.0000039773134043416354,0,0,0,16252,0,0,0,34574,0,0,0,10078,0,0,0,18394,0,0,0,21644,0,0,1,113738,0,0,0,6136,0,0,0,30610,0,0
10,81923132,rs751698217,G,A,gnomAD Exomes,PASS,NA,p.Asp353Asp,c.1059C>T(p.=),c.1059C>T,synonymous_variant,,4,251428,0.00001590912706619788,0,0,0,16250,0,0,0,34578,0,0,0,10078,0,0,0,18392,0,0,0,21646,0,0,0,113738,0,0,0,6136,0,0,4,30610,0,0
10,81923135,rs1384397192,C,T,"gnomAD Exomes,gnomAD Genomes",PASS,PASS,p.Val352Val,c.1056G>A(p.=),c.1056G>A,synonymous_variant,,4,282816,0.00001414347137361394,0,0,0,24964,0,0,4,35424,0,0,0,10368,0,0,0,19954,0,0,0,25116,0,0,0,129160,0,0,0,7224,0,0,0,30606,0,0
10,81923137,rs755085098,C,T,gnomAD Exomes,PASS,NA,p.Val352Met,p.Val352Met,c.1054G>A,missense_variant,,6,251416,0.00002386482960511662,0,0,0,16250,0,0,6,34576,0,0,0,10078,0,0,0,18394,0,0,0,21640,0,0,0,113738,0,0,0,6136,0,0,0,30604,0,0
10,81923138,rs781321967,G,A,gnomAD Exomes,PASS,NA,p.Asn351Asn,c.1053C>T(p.=),c.1053C>T,synonymous_variant,,1,251422,0.000003977376681435992,0,0,0,16248,0,0,0,34576,0,0,0,10076,0,0,0,18394,0,0,0,21644,0,0,1,113740,0,0,0,6136,0,0,0,30608,0,0
10,81923145,rs748655395,C,T,gnomAD Exomes,PASS,NA,p.Ser349Asn,p.Ser349Asn,c.1046G>A,missense_variant,,1,251408,0.000003977598167122764,0,0,0,16252,0,0,0,34574,0,0,0,10078,0,0,0,18392,0,0,0,21646,0,0,1,113724,0,0,0,6136,0,0,0,30606,0,0
10,81923147,rs756614787,T,G,gnomAD Exomes,PASS,NA,p.Glu348Asp,p.Glu348Asp,c.1044A>C,missense_variant,,1,251404,0.000003977661453278388,0,0,0,16252,0,0,1,34572,0,0,0,10076,0,0,0,18394,0,0,0,21648,0,0,0,113720,0,0,0,6136,0,0,0,30606,0,0
10,81923152,rs778141735,C,T,gnomAD Exomes,PASS,NA,p.Asp347Asn,p.Asp347Asn,c.1039G>A,missense_variant,,1,251414,0.000003977503241665142,0,0,0,16250,0,0,0,34576,0,0,0,10078,0,0,0,18394,0,0,0,21644,0,0,1,113728,0,0,0,6136,0,0,0,30608,0,0
10,81923154,rs749606073,C,T,gnomAD Exomes,PASS,NA,p.Arg346His,p.Arg346His,c.1037G>A,missense_variant,,4,251416,0.00001590988640341108,0,0,0,16250,0,0,1,34576,0,0,0,10078,0,0,0,18394,0,0,0,21646,0,0,0,113726,0,0,0,6136,0,0,3,30610,0,0
10,81923155,rs770574196,G,A,gnomAD Exomes,PASS,NA,p.Arg346Cys,p.Arg346Cys,c.1036C>T,missense_variant,,2,251402,0.000007955386194222798,0,0,0,16250,0,0,0,34572,0,0,0,10078,0,0,1,18394,0,0,0,21644,0,0,1,113720,0,0,0,6136,0,0,0,30608,0,0
10,81923164,rs879281219,G,C,gnomAD Exomes,PASS,NA,c.1030-3C>G,,c.1030-3C>G,splice_region_variant,"lc_lof,os_lof",2,251384,0.00000795595582853324,0,0,1,16246,0,0,0,34572,0,0,0,10076,0,0,0,18392,0,0,0,21640,0,0,1,113712,0,0,0,6136,0,0,0,30610,0,0
10,81923164,rs879281219,GA,G,gnomAD Exomes,PASS,NA,c.1030-4delT,,c.1030-4delT,splice_region_variant,,1,251384,0.00000397797791426662,0,0,0,16246,0,0,0,34572,0,0,0,10076,0,0,0,18392,0,0,0,21640,0,0,1,113712,0,0,0,6136,0,0,0,30610,0,0
10,81923172,rs1244990878,G,A,gnomAD Exomes,PASS,NA,c.1030-11C>T,,c.1030-11C>T,intron_variant,,1,251350,0.000003978516013526954,0,0,0,16240,0,0,0,34568,0,0,0,10074,0,0,0,18392,0,0,0,21644,0,0,0,113696,0,0,0,6134,0,0,1,30602,0,0
10,81923173,rs774057075,C,G,gnomAD Exomes,PASS,NA,c.1030-12G>C,,c.1030-12G>C,intron_variant,,3,251324,0.000011936782798300202,0,0,0,16236,0,0,2,34562,0,0,0,10074,0,0,0,18392,0,0,0,21638,0,0,1,113688,0,0,0,6134,0,0,0,30600,0,0
10,81923175,rs745518842,G,A,gnomAD Exomes,PASS,NA,c.1030-14C>T,,c.1030-14C>T,intron_variant,,1,251322,0.000003978959263415061,0,0,0,16240,0,0,0,34564,0,0,0,10072,0,0,0,18392,0,0,0,21636,0,0,1,113680,0,0,0,6134,0,0,0,30604,0,0
10,81923176,rs377735047,G,A,"gnomAD Exomes,gnomAD Genomes",PASS,PASS,c.1030-15C>T,,c.1030-15C>T,intron_variant,,4,282706,0.000014148974553069267,0,0,3,24946,0,0,0,35414,0,0,0,10362,0,0,0,19948,0,0,0,25112,0,0,1,129102,0,0,0,7220,0,0,0,30602,0,0
10,81923177,rs1430536434,T,C,gnomAD Exomes,PASS,NA,c.1030-16A>G,,c.1030-16A>G,intron_variant,,1,251292,0.00000397943428362224,0,0,0,16232,0,0,0,34560,0,0,0,10072,0,0,0,18390,0,0,1,21630,0,0,0,113678,0,0,0,6134,0,0,0,30596,0,0
10,81923178,rs775030360,G,A,gnomAD Exomes,PASS,NA,c.1030-17C>T,,c.1030-17C>T,intron_variant,,24,251296,0.00009550490258499936,0,0,1,16234,0,0,19,34558,0,0,0,10070,0,0,1,18390,0,0,0,21628,0,0,1,113686,0,0,2,6134,0,0,0,30596,0,0
10,81923187,rs1371161414,T,C,gnomAD Exomes,PASS,NA,c.1030-26A>G,,c.1030-26A>G,intron_variant,,1,251178,0.0000039812403952575465,0,0,0,16202,0,0,0,34550,0,0,0,10066,0,0,0,18388,0,0,0,21618,0,0,1,113648,0,0,0,6134,0,0,0,30572,0,0
10,81923190,rs760558979,C,T,gnomAD Exomes,PASS,NA,c.1030-29G>A,,c.1030-29G>A,intron_variant,,3,251020,0.000011951238945103976,0,0,0,16190,0,0,2,34542,0,0,0,10064,0,0,0,18386,0,0,0,21596,0,0,1,113570,0,0,0,6124,0,0,0,30548,0,0
10,81923193,rs764070230,C,T,gnomAD Exomes,PASS,NA,c.1030-32G>A,,c.1030-32G>A,intron_variant,,1,251024,0.0000039836828351074,0,0,0,16178,0,0,0,34536,0,0,0,10068,0,0,0,18390,0,0,0,21606,0,0,0,113566,0,0,0,6128,0,0,1,30552,0,0
10,81923194,rs751929864,TCCTTC,T,gnomAD Exomes,PASS,NA,c.1030-38_1030-34delGAAGG,,c.1030-38_1030-34delGAAGG,intron_variant,,7,250992,0.00002788933511825078,0,0,0,16182,0,0,0,34532,0,0,0,10060,0,0,7,18388,0,0,0,21600,0,0,0,113560,0,0,0,6126,0,0,0,30544,0,0
10,81923196,rs1335653922,C,T,gnomAD Exomes,PASS,NA,c.1030-35G>A,,c.1030-35G>A,intron_variant,,1,250886,0.0000039858740623231265,0,0,0,16172,0,0,0,34520,0,0,0,10056,0,0,0,18388,0,0,0,21590,0,0,0,113508,0,0,0,6122,0,0,1,30530,0,0
10,81923205,rs2236558,T,G,"gnomAD Exomes,gnomAD Genomes",PASS,PASS,c.1030-44A>C,,c.1030-44A>C,intron_variant,,92237,280802,0.328477005149536,15493,0,10117,24738,2106,0,7716,35196,841,0,3020,10322,433,0,6185,19834,994,0,9106,24956,1631,0,43231,128108,7247,0,2262,7192,353,0,10600,30456,1888,0
10,81923209,rs761638222,T,C,gnomAD Exomes,PASS,NA,c.1030-48A>G,,c.1030-48A>G,intron_variant,,1,250140,0.000003997761253697929,0,0,0,16054,0,0,0,34438,0,0,0,10028,0,0,0,18366,0,0,0,21542,0,0,0,113188,0,0,0,6108,0,0,1,30416,0,0
10,81923227,rs377649490,G,A,gnomAD Genomes,NA,PASS,c.1029+63C>T,,c.1029+63C>T,intron_variant,,1,31394,0.00003185322036057845,0,0,0,8708,0,0,0,848,0,0,0,290,0,0,0,1560,0,0,0,3476,0,0,1,15426,0,0,0,1086,0,0,0,0,0,0
10,81923237,rs1213809689,T,C,gnomAD Genomes,NA,PASS,c.1029+53A>G,,c.1029+53A>G,intron_variant,,1,31370,0.0000318775900541919,0,0,0,8704,0,0,0,848,0,0,0,290,0,0,0,1556,0,0,1,3474,0,0,0,15414,0,0,0,1084,0,0,0,0,0,0
10,81923241,rs374973624,T,C,gnomAD Exomes,PASS,NA,c.1029+49A>G,,c.1029+49A>G,intron_variant,,1,235812,0.000004240666293488033,0,0,0,14728,0,0,0,32956,0,0,0,9646,0,0,0,17444,0,0,0,20636,0,0,0,105592,0,0,0,5812,0,0,1,28998,0,0
10,81923243,rs765123098,T,C,gnomAD Exomes,PASS,NA,c.1029+47A>G,,c.1029+47A>G,intron_variant,,1,233330,0.0000042857755110787295,0,0,0,14512,0,0,0,32740,0,0,0,9616,0,0,1,17270,0,0,0,20492,0,0,0,104098,0,0,0,5806,0,0,0,28796,0,0
10,81923244,rs1234574485,G,T,gnomAD Exomes,PASS,NA,c.1029+46C>A,,c.1029+46C>A,intron_variant,,1,232116,0.000004308190732220097,0,0,0,14442,0,0,0,32626,0,0,0,9606,0,0,0,17206,0,0,0,20412,0,0,1,103308,0,0,0,5788,0,0,0,28728,0,0
10,81923253,rs751789749,G,A,gnomAD Exomes,PASS,NA,c.1029+37C>T,,c.1029+37C>T,intron_variant,,3,224922,0.000013337957158481607,0,0,0,13816,0,0,2,31738,0,0,0,9468,0,0,0,16724,0,0,0,19992,0,0,1,99310,0,0,0,5648,0,0,0,28226,0,0
10,81923259,rs767534969,G,C,gnomAD Exomes,PASS,NA,c.1029+31C>G,,c.1029+31C>G,intron_variant,,6,219132,0.000027380756804118067,0,0,0,13374,0,0,6,31224,0,0,0,9376,0,0,0,16350,0,0,0,19578,0,0,0,95980,0,0,0,5536,0,0,0,27714,0,0
10,81923262,rs376638743,G,A,gnomAD Exomes,PASS,NA,c.1029+28C>T,,c.1029+28C>T,intron_variant,,6,217096,0.0000276375428381914,0,0,5,13164,0,0,0,30960,0,0,0,9330,0,0,0,16272,0,0,0,19418,0,0,1,94860,0,0,0,5496,0,0,0,27596,0,0
10,81923262,rs376638743,G,C,gnomAD Exomes,PASS,NA,c.1029+28C>G,,c.1029+28C>G,intron_variant,,1,217096,0.000004606257139698567,0,0,0,13164,0,0,1,30960,0,0,0,9330,0,0,0,16272,0,0,0,19418,0,0,0,94860,0,0,0,5496,0,0,0,27596,0,0
10,81923263,rs1486950590,C,A,gnomAD Exomes,PASS,NA,c.1029+27G>T,,c.1029+27G>T,intron_variant,,2,217744,0.000009185098096847674,0,0,1,13194,0,0,0,31044,0,0,0,9348,0,0,0,16260,0,0,0,19434,0,0,0,95290,0,0,1,5500,0,0,0,27674,0,0
10,81923266,rs371221188,C,T,"gnomAD Exomes,gnomAD Genomes",PASS,PASS,c.1029+24G>A,,c.1029+24G>A,intron_variant,,6,243508,0.00002463984756147642,0,0,1,21444,0,0,0,31284,0,0,0,9576,0,0,0,17378,0,0,0,22590,0,0,5,107510,0,0,0,6486,0,0,0,27240,0,0
10,81923267,rs150450038,G,A,"gnomAD Exomes,gnomAD Genomes",PASS,PASS,c.1029+23C>T,,c.1029+23C>T,intron_variant,,178,244036,0.0007294005802422594,0,0,159,21528,0,0,9,31312,0,0,0,9588,0,0,1,17440,0,0,0,22604,0,0,4,107788,0,0,1,6506,0,0,4,27270,0,0
10,81923270,,C,CTTTGTTTCCCCACAATCCCCTGACTGCCCTCATCTAACTGGCCTCTGAGGGACCCCAGCCTGCCTTA,gnomAD Exomes,PASS,NA,c.1029+19_1029+20insTAAGGCAGGCTGGGGTCCCTCAGAGGCCAGTTAGATGAGGGCAGTCAGGGGATTGTGGGGAAACAAA,,c.1029+19_1029+20insTAAGGCAGGCTGGGGTCCCTCAGAGGCCAGTTAGATGAGGGCAGTCAGGGGATTGTGGGGAAACAAA,intron_variant,,1,212564,0.000004704465478632318,0,0,1,12792,0,0,0,30470,0,0,0,9288,0,0,0,15918,0,0,0,19120,0,0,0,92316,0,0,0,5394,0,0,0,27266,0,0
10,81923275,rs750468148,T,C,gnomAD Exomes,PASS,NA,c.1029+15A>G,,c.1029+15A>G,intron_variant,,1,209386,0.000004775868491685213,0,0,0,12662,0,0,0,30124,0,0,0,9238,0,0,0,15726,0,0,0,18932,0,0,0,90412,0,0,0,5352,0,0,1,26940,0,0
10,81923276,rs2573347,C,T,"gnomAD Exomes,gnomAD Genomes",PASS,PASS,c.1029+14G>A,,c.1029+14G>A,intron_variant,,4,239594,0.000016694908887534746,0,0,0,21250,0,0,0,30876,0,0,1,9526,0,0,0,17200,0,0,0,22284,0,0,3,105186,0,0,0,6400,0,0,0,26872,0,0
10,81923287,rs771711953,T,C,gnomAD Exomes,PASS,NA,c.1029+3A>G,,c.1029+3A>G,splice_region_variant,,1,202246,0.000004944473561899865,0,0,0,12092,0,0,0,29444,0,0,0,9158,0,0,0,15098,0,0,0,18414,0,0,0,86506,0,0,0,5234,0,0,1,26300,0,0
10,81923289,rs1384660624,C,T,gnomAD Exomes,PASS,NA,c.1029+1G>A,,c.1029+1G>A,splice_donor_variant,,1,201586,0.000004960661950730706,0,0,0,12076,0,0,0,29428,0,0,0,9142,0,0,0,15024,0,0,0,18404,0,0,0,86068,0,0,0,5202,0,0,1,26242,0,0
10,81923291,rs1233138885,T,TGA,"gnomAD Exomes,gnomAD Genomes",PASS,PASS,p.Gln343LeufsTer51,p.Gln343LeufsTer51,c.1026_1027dupTC,frameshift_variant,,4,230428,0.000017359001510233132,0,0,0,20574,0,0,2,30012,0,0,0,9404,0,0,0,16418,0,0,0,21738,0,0,2,100022,0,0,0,6232,0,0,0,26028,0,0
10,81923296,rs1285599369,G,C,gnomAD Genomes,NA,PASS,p.Leu341Leu,c.1023C>G(p.=),c.1023C>G,synonymous_variant,,1,31398,0.000031849162367029746,0,0,1,8710,0,0,0,848,0,0,0,290,0,0,0,1560,0,0,0,3476,0,0,0,15426,0,0,0,1088,0,0,0,0,0,0
10,81923300,rs774883311,G,A,gnomAD Exomes,PASS,NA,p.Ser340Phe,p.Ser340Phe,c.1019C>T,missense_variant,,1,195094,0.00000512573426143295,0,0,0,11556,0,0,0,28744,0,0,0,9068,0,0,0,14546,0,0,0,17974,0,0,1,82438,0,0,0,5096,0,0,0,25672,0,0
10,81923300,rs774883311,G,T,gnomAD Exomes,PASS,NA,p.Ser340Tyr,p.Ser340Tyr,c.1019C>A,missense_variant,mnv,3,195094,0.00001537720278429885,0,0,0,11556,0,0,0,28744,0,0,0,9068,0,0,0,14546,0,0,1,17974,0,0,2,82438,0,0,0,5096,0,0,0,25672,0,0
10,81923301,rs746467312,A,T,gnomAD Exomes,PASS,NA,p.Ser340Thr,p.Ser340Thr,c.1018T>A,missense_variant,mnv,2,195362,0.000010237405431967323,0,0,0,11576,0,0,0,28756,0,0,0,9078,0,0,0,14584,0,0,0,17990,0,0,2,82552,0,0,0,5110,0,0,0,25716,0,0
10,81923308,rs150412071,G,A,gnomAD Genomes,NA,PASS,p.Leu337Leu,c.1011C>T(p.=),c.1011C>T,synonymous_variant,,1,31392,0.000031855249745158005,0,0,0,8708,0,0,0,846,0,0,0,290,0,0,0,1558,0,0,0,3476,0,0,1,15426,0,0,0,1088,0,0,0,0,0,0
10,81923308,rs150412071,G,T,"gnomAD Exomes,gnomAD Genomes",PASS,PASS,p.Leu337Leu,c.1011C>A(p.=),c.1011C>A,synonymous_variant,mnv,64,222536,0.00028759391738864725,0,0,0,20086,0,0,0,29180,0,0,0,9296,0,0,0,15810,0,0,1,21180,0,0,61,95616,0,0,2,6120,0,0,0,25248,0,0
10,81923309,rs138124217,A,T,"gnomAD Exomes,gnomAD Genomes",PASS,PASS,p.Leu337His,p.Leu337His,c.1010T>A,missense_variant,mnv,64,220864,0.0002897710808461316,0,0,0,20000,0,0,0,28986,0,0,0,9272,0,0,0,15724,0,0,1,21042,0,0,61,94604,0,0,2,6104,0,0,0,25132,0,0
10,81923312,rs928719143,C,T,gnomAD Exomes,PASS,NA,p.Arg336Gln,p.Arg336Gln,c.1007G>A,missense_variant,,2,189046,0.00001057943569290014,0,0,0,11268,0,0,0,28148,0,0,0,8968,0,0,0,14098,0,0,0,17538,0,0,1,78920,0,0,0,4998,0,0,1,25108,0,0
10,81923313,rs368700483,G,A,"gnomAD Exomes,gnomAD Genomes",PASS,PASS,p.Arg336Trp,p.Arg336Trp,c.1006C>T,missense_variant,,7,219134,0.00003194392472185968,0,0,2,19880,0,0,0,28818,0,0,0,9238,0,0,2,15612,0,0,0,20934,0,0,2,93596,0,0,1,6054,0,0,0,25002,0,0
10,81923314,rs765176261,C,T,gnomAD Exomes,PASS,NA,p.Gln335Gln,c.1005G>A(p.=),c.1005G>A,synonymous_variant,,5,188064,0.000026586693891441213,0,0,0,11212,0,0,5,28008,0,0,0,8954,0,0,0,14070,0,0,0,17482,0,0,0,78308,0,0,0,4976,0,0,0,25054,0,0
10,81923323,rs773032574,C,T,gnomAD Exomes,PASS,NA,p.Gly332Gly,c.996G>A(p.=),c.996G>A,synonymous_variant,,2,185142,0.00001080251914746519,0,0,0,10976,0,0,0,27758,0,0,0,8932,0,0,0,13824,0,0,0,17248,0,0,0,76668,0,0,0,4934,0,0,2,24802,0,0
10,81923325,rs1482118268,C,T,gnomAD Genomes,NA,PASS,p.Gly332Arg,p.Gly332Arg,c.994G>A,missense_variant,,1,31398,0.000031849162367029746,0,0,0,8714,0,0,0,848,0,0,0,290,0,0,0,1558,0,0,0,3476,0,0,1,15424,0,0,0,1088,0,0,0,0,0,0
10,81923326,rs759708943,T,C,gnomAD Exomes,PASS,NA,p.Ser331Ser,c.993A>G(p.=),c.993A>G,synonymous_variant,,7,184508,0.000037938734363821626,0,0,0,10924,0,0,7,27712,0,0,0,8904,0,0,0,13806,0,0,0,17260,0,0,0,76302,0,0,0,4922,0,0,0,24678,0,0
10,81923332,rs752734678,G,A,gnomAD Exomes,PASS,NA,p.Asp329Asp,c.987C>T(p.=),c.987C>T,synonymous_variant,,1,180996,0.000005524983977546465,0,0,0,10712,0,0,0,27366,0,0,0,8850,0,0,0,13518,0,0,0,16978,0,0,0,74246,0,0,0,4884,0,0,1,24442,0,0
10,81923334,rs563755093,C,G,gnomAD Exomes,PASS,NA,p.Asp329His,p.Asp329His,c.985G>C,missense_variant,,1,178852,0.000005591215082861807,0,0,0,10566,0,0,0,27154,0,0,0,8812,0,0,0,13348,0,0,0,16858,0,0,1,72968,0,0,0,4862,0,0,0,24284,0,0
10,81923334,rs563755093,C,T,gnomAD Exomes,PASS,NA,p.Asp329Asn,p.Asp329Asn,c.985G>A,missense_variant,,24,178852,0.00013418916198868337,0,0,0,10566,0,0,0,27154,0,0,0,8812,0,0,0,13348,0,0,0,16858,0,0,0,72968,0,0,0,4862,0,0,24,24284,0,0
10,81923335,rs574331613,G,A,gnomAD Exomes,PASS,NA,p.Ser328Ser,c.984C>T(p.=),c.984C>T,synonymous_variant,,3,175738,0.00001707086685861908,0,0,0,10340,0,0,2,26770,0,0,0,8768,0,0,0,13086,0,0,0,16674,0,0,0,71262,0,0,0,4804,0,0,1,24034,0,0
10,81923339,rs149646596,C,T,"gnomAD Exomes,gnomAD Genomes",PASS,PASS,p.Arg327Gln,p.Arg327Gln,c.980G>A,missense_variant,,10,205156,0.00004874339526994092,0,0,0,18942,0,0,1,27406,0,0,0,9046,0,0,1,14478,0,0,0,19972,0,0,7,85578,0,0,0,5848,0,0,1,23886,0,0
10,81923340,rs372305403,G,A,"gnomAD Exomes,gnomAD Genomes",PASS,PASS,p.Arg327Ter,p.Arg327Ter,c.979C>T,stop_gained,,2,205182,0.000009747443732881051,0,0,1,18930,0,0,0,27402,0,0,0,9056,0,0,0,14490,0,0,0,19986,0,0,1,85572,0,0,0,5844,0,0,0,23902,0,0
10,81923341,rs1364126939,A,G,gnomAD Exomes,PASS,NA,p.Ile326Ile,c.978T>C(p.=),c.978T>C,synonymous_variant,,2,173360,0.000011536686663590216,0,0,0,10172,0,0,0,26506,0,0,0,8764,0,0,2,12922,0,0,0,16478,0,0,0,69910,0,0,0,4736,0,0,0,23872,0,0
10,81923343,rs543230937,T,C,"gnomAD Exomes,gnomAD Genomes",PASS,PASS,p.Ile326Val,p.Ile326Val,c.976A>G,missense_variant,,3,203012,0.000014777451579216992,0,0,3,18740,0,0,0,27130,0,0,0,9034,0,0,0,14356,0,0,0,19872,0,0,0,84326,0,0,0,5810,0,0,0,23744,0,0
10,81923347,rs146139449,C,T,"gnomAD Exomes,gnomAD Genomes",PASS,PASS,p.Glu324Glu,c.972G>A(p.=),c.972G>A,synonymous_variant,,6,199750,0.000030037546933667085,0,0,0,18480,0,0,0,26784,0,0,0,8982,0,0,0,14022,0,0,0,19650,0,0,6,82522,0,0,0,5766,0,0,0,23544,0,0
10,81923349,rs1005896062,C,T,"gnomAD Exomes,gnomAD Genomes",PASS,PASS,p.Glu324Lys,p.Glu324Lys,c.970G>A,missense_variant,,2,195988,0.000010204706410596567,0,0,2,18206,0,0,0,26420,0,0,0,8930,0,0,0,13680,0,0,0,19434,0,0,0,80328,0,0,0,5702,0,0,0,23288,0,0
10,81923350,rs1306397366,T,C,"gnomAD Exomes,gnomAD Genomes",PASS,PASS,p.Glu323Glu,c.969A>G(p.=),c.969A>G,synonymous_variant,,2,196052,0.000010201375145369595,0,0,0,18216,0,0,0,26430,0,0,0,8930,0,0,0,13688,0,0,0,19436,0,0,2,80352,0,0,0,5706,0,0,0,23294,0,0
10,81923352,rs779688242,C,A,gnomAD Exomes,PASS,NA,p.Glu323Ter,p.Glu323Ter,c.967G>T,stop_gained,,1,164864,0.000006065605590062111,0,0,0,9514,0,0,0,25616,0,0,0,8642,0,0,0,12150,0,0,0,15988,0,0,0,65030,0,0,0,4616,0,0,1,23308,0,0
10,81923357,rs76806315,G,T,"gnomAD Exomes,gnomAD Genomes",PASS,PASS,p.Thr321Asn,p.Thr321Asn,c.962C>A,missense_variant,,111,193832,0.0005726608609517521,0,0,0,18018,0,0,0,26218,0,0,0,8908,0,0,91,13480,0,0,4,19250,0,0,10,79150,0,0,2,5652,0,0,4,23156,0,0
10,81923358,rs780831126,T,A,gnomAD Exomes,PASS,NA,p.Thr321Ser,p.Thr321Ser,c.961A>T,missense_variant,,1,161732,0.0000061830682858061485,0,0,0,9228,0,0,0,25322,0,0,0,8606,0,0,0,11842,0,0,0,15732,0,0,0,63348,0,0,0,4542,0,0,1,23112,0,0
10,81923359,rs748140721,C,A,gnomAD Exomes,PASS,NA,p.Lys320Asn,p.Lys320Asn,c.960G>T,missense_variant,,1,161812,0.000006180011371220923,0,0,0,9258,0,0,0,25324,0,0,0,8604,0,0,0,11842,0,0,0,15738,0,0,0,63386,0,0,0,4540,0,0,1,23120,0,0
10,81923373,rs1233454212,A,G,gnomAD Exomes,PASS,NA,c.950-4T>C,,c.950-4T>C,splice_region_variant,,1,159548,0.000006267706270213353,0,0,0,9086,0,0,0,25052,0,0,0,8574,0,0,0,11598,0,0,0,15602,0,0,0,62182,0,0,0,4484,0,0,1,22970,0,0
10,81923377,rs1481583244,G,C,gnomAD Exomes,PASS,NA,c.950-8C>G,,c.950-8C>G,splice_region_variant,,2,158620,0.000012608750472828143,0,0,0,9024,0,0,0,24978,0,0,0,8550,0,0,0,11500,0,0,0,15536,0,0,0,61664,0,0,0,4468,0,0,2,22900,0,0
10,81923385,rs866677110,A,G,gnomAD Genomes,NA,PASS,c.950-16T>C,,c.950-16T>C,intron_variant,,1,31394,0.00003185322036057845,0,0,1,8708,0,0,0,848,0,0,0,290,0,0,0,1558,0,0,0,3474,0,0,0,15428,0,0,0,1088,0,0,0,0,0,0
10,81923386,rs1174904070,AG,A,gnomAD Exomes,PASS,NA,c.950-18delC,,c.950-18delC,intron_variant,,1,157862,0.0000063346467167526065,0,0,0,8934,0,0,0,24898,0,0,0,8546,0,0,0,11440,0,0,0,15464,0,0,1,61268,0,0,0,4454,0,0,0,22858,0,0
10,81923391,rs1249244708,G,A,gnomAD Exomes,PASS,NA,c.950-22C>T,,c.950-22C>T,intron_variant,,1,157522,0.000006348319599801932,0,0,0,8892,0,0,1,24876,0,0,0,8536,0,0,0,11418,0,0,0,15434,0,0,0,61074,0,0,0,4446,0,0,0,22846,0,0
10,81923393,rs1444810934,T,C,gnomAD Exomes,PASS,NA,c.950-24A>G,,c.950-24A>G,intron_variant,,1,157474,0.000006350254645211273,0,0,0,8890,0,0,0,24858,0,0,0,8540,0,0,0,11412,0,0,0,15428,0,0,1,61056,0,0,0,4444,0,0,0,22846,0,0
10,81923401,rs1165133457,G,A,gnomAD Exomes,PASS,NA,c.950-32C>T,,c.950-32C>T,intron_variant,,1,157104,0.000006365210306548529,0,0,0,8840,0,0,0,24804,0,0,0,8534,0,0,0,11380,0,0,0,15402,0,0,0,60878,0,0,0,4440,0,0,1,22826,0,0
10,81923408,rs1383736565,T,C,gnomAD Exomes,PASS,NA,c.950-39A>G,,c.950-39A>G,intron_variant,,1,156824,0.000006376575014028465,0,0,0,8820,0,0,0,24772,0,0,0,8532,0,0,1,11352,0,0,0,15368,0,0,0,60746,0,0,0,4424,0,0,0,22810,0,0
10,81923421,rs1424498375,G,A,gnomAD Exomes,PASS,NA,c.950-52C>T,,c.950-52C>T,intron_variant,,1,156180,0.000006402868485081316,0,0,0,8774,0,0,0,24722,0,0,0,8514,0,0,0,11332,0,0,0,15286,0,0,0,60382,0,0,0,4400,0,0,1,22770,0,0
10,81923736,rs932257658,A,C,gnomAD Genomes,NA,PASS,c.949+73T>G,,c.949+73T>G,intron_variant,,1,31374,0.00003187352584942946,0,0,1,8704,0,0,0,848,0,0,0,290,0,0,0,1560,0,0,0,3476,0,0,0,15410,0,0,0,1086,0,0,0,0,0,0
10,81923760,rs772904915,C,G,gnomAD Exomes,PASS,NA,c.949+49G>C,,c.949+49G>C,intron_variant,,5,241592,0.000020696049538064175,0,0,0,16130,0,0,0,33460,0,0,0,9234,0,0,5,18196,0,0,0,20088,0,0,0,109258,0,0,0,5880,0,0,0,29346,0,0
10,81923760,rs772904915,C,T,gnomAD Exomes,PASS,NA,c.949+49G>A,,c.949+49G>A,intron_variant,,2,241592,0.00000827841981522567,0,0,0,16130,0,0,0,33460,0,0,0,9234,0,0,0,18196,0,0,0,20088,0,0,2,109258,0,0,0,5880,0,0,0,29346,0,0
10,81923763,rs772189544,G,A,gnomAD Exomes,PASS,NA,c.949+46C>T,,c.949+46C>T,intron_variant,,1,242942,0.000004116208807040364,0,0,0,16164,0,0,0,33504,0,0,0,9376,0,0,0,18238,0,0,0,20280,0,0,1,109864,0,0,0,5924,0,0,0,29592,0,0
10,81923768,rs527510030,T,G,gnomAD Genomes,NA,PASS,c.949+41A>C,,c.949+41A>C,intron_variant,,1,31372,0.00003187555782226189,0,0,0,8704,0,0,0,848,0,0,0,290,0,0,0,1558,0,0,0,3474,0,0,1,15412,0,0,0,1086,0,0,0,0,0,0
10,81923768,rs527510030,T,TGCAGAGG,"gnomAD Exomes,gnomAD Genomes",PASS,PASS,c.949+34_949+40dupCCTCTGC,,c.949+34_949+40dupCCTCTGC,intron_variant,,146,276422,0.0005281779308448677,0,0,1,24874,0,0,55,34836,0,0,5,9872,0,0,4,19852,0,0,1,24072,0,0,34,126048,0,0,2,7068,0,0,44,29800,0,0
10,81923768,rs527510030,TGCAGAGG,T,"gnomAD Exomes,gnomAD Genomes",PASS,PASS,c.949+34_949+40delCCTCTGC,,c.949+34_949+40delCCTCTGC,intron_variant,,155,276422,0.0005607368443900992,1,0,19,24874,0,0,10,34836,0,0,35,9872,1,0,2,19852,0,0,1,24072,0,0,53,126048,0,0,18,7068,0,0,17,29800,0,0
10,81923768,rs527510030,TGCAGAGGGCAGAGG,T,"gnomAD Exomes,gnomAD Genomes",PASS,PASS,c.949+27_949+40delCCTCTGCCCTCTGC,,c.949+27_949+40delCCTCTGCCCTCTGC,intron_variant,,2,276422,0.00000723531412116257,0,0,0,24874,0,0,0,34836,0,0,0,9872,0,0,0,19852,0,0,0,24072,0,0,2,126048,0,0,0,7068,0,0,0,29800,0,0
10,81923776,rs371703442,G,A,"gnomAD Exomes,gnomAD Genomes",PASS,PASS,c.949+33C>T,,c.949+33C>T,intron_variant,,4,278342,0.000014370810010706253,0,0,2,24892,0,0,0,35162,0,0,0,9986,0,0,0,19928,0,0,1,24334,0,0,1,126838,0,0,0,7108,0,0,0,30094,0,0
10,81923781,rs1297645643,G,A,gnomAD Exomes,PASS,NA,c.949+28C>T,,c.949+28C>T,intron_variant,,1,248902,0.000004017645499031747,0,0,0,16244,0,0,0,34424,0,0,0,9914,0,0,1,18380,0,0,0,21152,0,0,0,112320,0,0,0,6088,0,0,0,30380,0,0
10,81923785,rs376148503,A,G,gnomAD Exomes,PASS,NA,c.949+24T>C,,c.949+24T>C,intron_variant,,1,249762,0.000004003811628670494,0,0,0,16250,0,0,0,34488,0,0,0,9968,0,0,0,18384,0,0,0,21316,0,0,1,112758,0,0,0,6104,0,0,0,30494,0,0
10,81923791,rs1454763647,C,T,gnomAD Exomes,PASS,NA,c.949+18G>A,,c.949+18G>A,intron_variant,,1,250132,0.000003997889114547519,0,0,0,16252,0,0,0,34514,0,0,0,9968,0,0,0,18390,0,0,0,21398,0,0,1,113024,0,0,0,6096,0,0,0,30490,0,0
10,81923794,rs1313242002,A,C,gnomAD Exomes,PASS,NA,c.949+15T>G,,c.949+15T>G,intron_variant,,1,250594,0.000003990518527977525,0,0,0,16250,0,0,0,34540,0,0,0,10008,0,0,1,18390,0,0,0,21472,0,0,0,113274,0,0,0,6104,0,0,0,30556,0,0
10,81923798,rs1357003279,A,G,gnomAD Exomes,PASS,NA,c.949+11T>C,,c.949+11T>C,intron_variant,,1,250794,0.000003987336220164757,0,0,0,16254,0,0,0,34540,0,0,0,10020,0,0,0,18392,0,0,0,21506,0,0,1,113390,0,0,0,6114,0,0,0,30578,0,0
10,81923800,rs760862261,C,T,gnomAD Exomes,PASS,NA,c.949+9G>A,,c.949+9G>A,intron_variant,,7,250548,0.00002793875824193368,0,0,0,16254,0,0,0,34520,0,0,0,9998,0,0,0,18388,0,0,0,21454,0,0,0,113310,0,0,0,6112,0,0,7,30512,0,0
10,81923800,rs760862261,C,A,gnomAD Exomes,PASS,NA,c.949+9G>T,,c.949+9G>T,intron_variant,,1,250548,0.000003991251177419097,0,0,0,16254,0,0,0,34520,0,0,0,9998,0,0,0,18388,0,0,0,21454,0,0,0,113310,0,0,0,6112,0,0,1,30512,0,0
10,81923800,rs760862261,C,G,gnomAD Exomes,PASS,NA,c.949+9G>C,,c.949+9G>C,intron_variant,,2,250548,0.000007982502354838194,0,0,0,16254,0,0,0,34520,0,0,0,9998,0,0,0,18388,0,0,0,21454,0,0,2,113310,0,0,0,6112,0,0,0,30512,0,0
10,81923801,rs201628285,G,A,"gnomAD Exomes,gnomAD Genomes",PASS,PASS,c.949+8C>T,,c.949+8C>T,splice_region_variant,,19,282340,0.00006729475100942126,0,0,1,24962,0,0,2,35400,0,0,1,10324,0,0,6,19950,0,0,0,25012,0,0,9,128904,0,0,0,7204,0,0,0,30584,0,0
10,81923806,rs765713577,C,T,gnomAD Exomes,PASS,NA,c.949+3G>A,,c.949+3G>A,splice_region_variant,,3,251202,0.000011942580074999402,0,0,0,16254,0,0,0,34568,0,0,0,10064,0,0,0,18394,0,0,0,21586,0,0,0,113604,0,0,0,6130,0,0,3,30602,0,0
10,81923814,rs372493671,T,C,gnomAD Exomes,PASS,NA,p.Lys315Arg,p.Lys315Arg,c.944A>G,missense_variant,,5,251360,0.000019891788669637172,0,0,0,16256,0,0,0,34580,0,0,0,10074,0,0,0,18394,0,0,0,21622,0,0,5,113688,0,0,0,6134,0,0,0,30612,0,0
10,81923815,rs1461407169,T,G,gnomAD Exomes,PASS,NA,p.Lys315Gln,p.Lys315Gln,c.943A>C,missense_variant,,1,251364,0.000003978294425613851,0,0,0,16256,0,0,0,34580,0,0,0,10074,0,0,0,18394,0,0,0,21626,0,0,0,113688,0,0,0,6134,0,0,1,30612,0,0
10,81923817,rs758861889,T,C,gnomAD Exomes,PASS,NA,p.Tyr314Cys,p.Tyr314Cys,c.941A>G,missense_variant,,1,251370,0.000003978199466921272,0,0,0,16256,0,0,0,34580,0,0,0,10070,0,0,0,18394,0,0,0,21638,0,0,1,113682,0,0,0,6136,0,0,0,30614,0,0
10,81923825,rs780271557,G,C,gnomAD Exomes,PASS,NA,p.Asn311Lys,p.Asn311Lys,c.933C>G,missense_variant,,1,251416,0.00000397747160085277,0,0,0,16256,0,0,0,34584,0,0,0,10076,0,0,0,18394,0,0,0,21640,0,0,0,113714,0,0,0,6138,0,0,1,30614,0,0
10,81923835,rs535327650,C,T,gnomAD Exomes,PASS,NA,p.Arg308Gln,p.Arg308Gln,c.923G>A,missense_variant,,5,251418,0.000019887199802718978,0,0,0,16256,0,0,3,34586,0,0,0,10076,0,0,0,18394,0,0,0,21628,0,0,2,113722,0,0,0,6140,0,0,0,30616,0,0
10,81923836,rs766560304,G,A,gnomAD Exomes,PASS,NA,p.Arg308Ter,p.Arg308Ter,c.922C>T,stop_gained,,2,251432,0.000007954436984950206,0,0,0,16256,0,0,0,34586,0,0,0,10078,0,0,0,18394,0,0,0,21636,0,0,1,113728,0,0,1,6140,0,0,0,30614,0,0
10,81923842,rs1422137085,G,C,gnomAD Exomes,PASS,NA,p.His306Asp,p.His306Asp,c.916C>G,missense_variant,,1,251450,0.0000039769337840524954,0,0,0,16256,0,0,1,34586,0,0,0,10078,0,0,0,18394,0,0,0,21642,0,0,0,113738,0,0,0,6140,0,0,0,30616,0,0
10,81923843,rs377196922,C,A,gnomAD Exomes,PASS,NA,p.Glu305Asp,p.Glu305Asp,c.915G>T,missense_variant,,1,251452,0.000003976902152299445,0,0,0,16256,0,0,0,34586,0,0,0,10080,0,0,0,18392,0,0,0,21644,0,0,1,113738,0,0,0,6140,0,0,0,30616,0,0
10,81923846,rs780884175,A,G,gnomAD Exomes,PASS,NA,p.Asn304Asn,c.912T>C(p.=),c.912T>C,synonymous_variant,,1,251456,0.000003976838890302876,0,0,0,16256,0,0,0,34584,0,0,0,10080,0,0,0,18394,0,0,0,21644,0,0,1,113744,0,0,0,6138,0,0,0,30616,0,0
10,81923847,rs747613477,T,C,gnomAD Exomes,PASS,NA,p.Asn304Ser,p.Asn304Ser,c.911A>G,missense_variant,,4,251462,0.000015906976004326698,0,0,1,16256,0,0,2,34584,0,0,0,10078,0,0,0,18394,0,0,0,21644,0,0,0,113750,0,0,0,6140,0,0,1,30616,0,0
10,81923851,rs190334724,T,C,gnomAD Exomes,PASS,NA,p.Ser303Gly,p.Ser303Gly,c.907A>G,missense_variant,,2,251456,0.000007953677780605752,0,0,0,16256,0,0,0,34584,0,0,0,10076,0,0,2,18394,0,0,0,21644,0,0,0,113746,0,0,0,6140,0,0,0,30616,0,0
10,81923853,rs140133265,C,T,"gnomAD Exomes,gnomAD Genomes",PASS,PASS,p.Arg302His,p.Arg302His,c.905G>A,missense_variant,,164,282822,0.0005798700242555388,2,0,8,24968,0,0,6,35432,0,0,0,10366,0,0,0,19954,0,0,0,25112,0,0,9,129150,0,0,6,7224,0,0,135,30616,2,0
10,81923854,rs142183550,G,A,gnomAD Exomes,PASS,NA,p.Arg302Cys,p.Arg302Cys,c.904C>T,missense_variant,,14,251438,0.00005567973019193598,0,0,0,16254,0,0,0,34586,0,0,0,10078,0,0,8,18394,0,0,0,21638,0,0,5,113734,0,0,1,6140,0,0,0,30614,0,0
10,81923859,,G,A,gnomAD Exomes,PASS,NA,p.Ala300Val,p.Ala300Val,c.899C>T,missense_variant,,1,251460,0.000003976775630318937,0,0,0,16256,0,0,0,34586,0,0,0,10078,0,0,0,18394,0,0,0,21646,0,0,0,113744,0,0,0,6140,0,0,1,30616,0,0
10,81923860,rs200598844,C,T,"gnomAD Exomes,gnomAD Genomes",PASS,PASS,p.Ala300Thr,p.Ala300Thr,c.898G>A,missense_variant,,9,282832,0.000031821010352435366,0,0,1,24966,0,0,0,35434,0,0,0,10368,0,0,0,19954,0,0,0,25106,0,0,8,129160,0,0,0,7228,0,0,0,30616,0,0
10,81923861,rs773985331,G,A,gnomAD Exomes,PASS,NA,p.Leu299Leu,c.897C>T(p.=),c.897C>T,synonymous_variant,,4,251456,0.000015907355561211505,0,0,0,16256,0,0,2,34586,0,0,0,10078,0,0,0,18394,0,0,0,21644,0,0,2,113742,0,0,0,6140,0,0,0,30616,0,0
10,81923866,rs146364733,T,C,gnomAD Exomes,PASS,NA,p.Ile298Val,p.Ile298Val,c.892A>G,missense_variant,,1,251454,0.000003976870521049576,0,0,0,16256,0,0,0,34584,0,0,0,10076,0,0,0,18394,0,0,0,21644,0,0,1,113744,0,0,0,6140,0,0,0,30616,0,0
10,81923868,rs1299758717,T,A,gnomAD Genomes,NA,PASS,p.Glu297Val,p.Glu297Val,c.890A>T,missense_variant,,1,31386,0.000031861339450710506,0,0,0,8702,0,0,0,848,0,0,0,290,0,0,1,1558,0,0,0,3474,0,0,0,15426,0,0,0,1088,0,0,0,0,0,0
10,81923871,rs768813868,A,G,gnomAD Exomes,PASS,NA,p.Ile296Thr,p.Ile296Thr,c.887T>C,missense_variant,,3,251448,0.000011930896248926219,0,0,0,16256,0,0,0,34584,0,0,0,10076,0,0,0,18394,0,0,0,21646,0,0,0,113740,0,0,0,6136,0,0,3,30616,0,0
10,81923871,rs768813868,A,T,gnomAD Exomes,PASS,NA,p.Ile296Asn,p.Ile296Asn,c.887T>A,missense_variant,,1,251448,0.000003976965416308739,0,0,0,16256,0,0,0,34584,0,0,0,10076,0,0,1,18394,0,0,0,21646,0,0,0,113740,0,0,0,6136,0,0,0,30616,0,0
10,81923872,,T,C,gnomAD Exomes,PASS,NA,p.Ile296Val,p.Ile296Val,c.886A>G,missense_variant,,1,251436,0.000003977155220413942,0,0,0,16256,0,0,0,34584,0,0,0,10072,0,0,0,18394,0,0,0,21646,0,0,1,113732,0,0,0,6136,0,0,0,30616,0,0
10,81923874,rs761812500,A,C,gnomAD Exomes,PASS,NA,p.Leu295Arg,p.Leu295Arg,c.884T>G,missense_variant,,1,251440,0.000003977091950365892,0,0,0,16256,0,0,0,34582,0,0,0,10072,0,0,0,18394,0,0,0,21646,0,0,1,113738,0,0,0,6136,0,0,0,30616,0,0
10,81923882,rs1323601916,T,G,gnomAD Exomes,PASS,NA,p.Glu292Asp,p.Glu292Asp,c.876A>C,missense_variant,,1,251406,0.000003977629809948848,0,0,0,16256,0,0,0,34582,0,0,0,10072,0,0,0,18394,0,0,0,21646,0,0,0,113708,0,0,0,6134,0,0,1,30614,0,0
10,81923884,rs765224125,C,T,gnomAD Exomes,PASS,NA,p.Glu292Lys,p.Glu292Lys,c.874G>A,missense_variant,,1,251384,0.00000397797791426662,0,0,0,16256,0,0,0,34580,0,0,0,10074,0,0,0,18394,0,0,0,21642,0,0,1,113694,0,0,0,6130,0,0,0,30614,0,0
10,81923885,rs577958509,A,G,gnomAD Exomes,PASS,NA,p.Asp291Asp,c.873T>C(p.=),c.873T>C,synonymous_variant,,22,251382,0.00008751621038896978,0,0,0,16256,0,0,0,34580,0,0,0,10074,0,0,0,18394,0,0,0,21644,0,0,0,113692,0,0,0,6130,0,0,22,30612,0,0
10,81923890,rs1441445118,T,C,gnomAD Exomes,PASS,NA,p.Thr290Ala,p.Thr290Ala,c.868A>G,missense_variant,,1,251306,0.000003979212593412016,0,0,0,16256,0,0,0,34560,0,0,0,10068,0,0,0,18392,0,0,0,21636,0,0,1,113656,0,0,0,6126,0,0,0,30612,0,0
10,81923893,rs763349646,C,T,gnomAD Exomes,PASS,NA,p.Gly289Ser,p.Gly289Ser,c.865G>A,missense_variant,,2,251240,0.000007960515841426525,0,0,0,16254,0,0,0,34552,0,0,0,10062,0,0,0,18394,0,0,0,21636,0,0,0,113606,0,0,0,6126,0,0,2,30610,0,0
10,81923896,rs374621104,C,A,"gnomAD Exomes,gnomAD Genomes",PASS,PASS,p.Val288Phe,p.Val288Phe,c.862G>T,missense_variant,,4,282560,0.000014156285390713477,0,0,1,24966,0,0,0,35400,0,0,0,10332,0,0,0,19952,0,0,0,25106,0,0,3,128984,0,0,0,7214,0,0,0,30606,0,0
10,81923896,rs374621104,C,T,gnomAD Exomes,PASS,NA,p.Val288Ile,p.Val288Ile,c.862G>A,missense_variant,,4,251162,0.000015925976063257976,0,0,0,16256,0,0,0,34552,0,0,0,10042,0,0,0,18392,0,0,0,21632,0,0,4,113556,0,0,0,6126,0,0,0,30606,0,0
10,81923898,rs1474655596,C,A,gnomAD Exomes,PASS,NA,p.Gly287Val,p.Gly287Val,c.860G>T,missense_variant,,1,251174,0.000003981303797367562,0,0,0,16256,0,0,1,34534,0,0,0,10050,0,0,0,18394,0,0,0,21634,0,0,0,113568,0,0,0,6126,0,0,0,30612,0,0
10,81923904,rs778809691,A,AG,gnomAD Exomes,PASS,NA,c.859-6dupC,,c.859-6dupC,splice_region_variant,,1,251034,0.000003983524144139838,0,0,0,16254,0,0,0,34522,0,0,0,10028,0,0,0,18386,0,0,0,21626,0,0,0,113482,0,0,0,6124,0,0,1,30612,0,0
10,81923905,rs1234339205,G,A,gnomAD Genomes,NA,PASS,c.859-6C>T,,c.859-6C>T,splice_region_variant,,1,31404,0.00003184307731499172,0,0,0,8718,0,0,0,848,0,0,0,290,0,0,1,1560,0,0,0,3474,0,0,0,15428,0,0,0,1086,0,0,0,0,0,0
10,81923907,rs767221100,G,C,gnomAD Exomes,PASS,NA,c.859-8C>G,,c.859-8C>G,splice_region_variant,,1,251024,0.0000039836828351074,0,0,0,16250,0,0,0,34534,0,0,0,10026,0,0,0,18388,0,0,0,21628,0,0,0,113462,0,0,0,6126,0,0,1,30610,0,0
10,81923909,rs557214769,C,A,gnomAD Exomes,PASS,NA,c.859-10G>T,,c.859-10G>T,intron_variant,,4,250890,0.000015943242058272548,0,0,0,16250,0,0,0,34518,0,0,0,10008,0,0,0,18388,0,0,0,21624,0,0,4,113378,0,0,0,6124,0,0,0,30600,0,0
10,81923915,rs1405466637,A,G,gnomAD Exomes,PASS,NA,c.859-16T>C,,c.859-16T>C,intron_variant,,1,250746,0.000003988099511059,0,0,0,16250,0,0,0,34512,0,0,0,10006,0,0,0,18386,0,0,0,21608,0,0,1,113268,0,0,0,6114,0,0,0,30602,0,0
10,81923916,rs574166480,T,A,gnomAD Exomes,PASS,NA,c.859-17A>T,,c.859-17A>T,intron_variant,,1,250694,0.000003988926739371505,0,0,0,16248,0,0,0,34512,0,0,0,9998,0,0,0,18386,0,0,0,21602,0,0,1,113246,0,0,0,6114,0,0,0,30588,0,0
10,81923923,rs1401479974,A,T,gnomAD Exomes,PASS,NA,c.859-24T>A,,c.859-24T>A,intron_variant,,1,250222,0.000003996451151377577,0,0,0,16246,0,0,0,34420,0,0,0,9954,0,0,0,18368,0,0,0,21572,0,0,1,113008,0,0,0,6094,0,0,0,30560,0,0
10,81923928,rs377390782,T,C,"gnomAD Exomes,gnomAD Genomes",PASS,PASS,c.859-29A>G,,c.859-29A>G,intron_variant,,6,281186,0.00002133818895677594,0,0,3,24954,0,0,0,35238,0,0,0,10204,0,0,0,19912,0,0,0,25022,0,0,3,128162,0,0,0,7178,0,0,0,30516,0,0
10,81923930,rs755718300,T,C,gnomAD Exomes,PASS,NA,c.859-31A>G,,c.859-31A>G,intron_variant,,8,249586,0.00003205307990031492,0,0,0,16242,0,0,0,34360,0,0,0,9870,0,0,8,18358,0,0,0,21542,0,0,0,112620,0,0,0,6094,0,0,0,30500,0,0
10,81923941,rs777123901,G,C,gnomAD Exomes,PASS,NA,c.859-42C>G,,c.859-42C>G,intron_variant,,1,247950,0.000004033071183706392,0,0,0,16196,0,0,0,34232,0,0,0,9724,0,0,0,18360,0,0,0,21342,0,0,1,111822,0,0,0,6052,0,0,0,30222,0,0
10,81923941,rs777123901,G,A,gnomAD Exomes,PASS,NA,c.859-42C>T,,c.859-42C>T,intron_variant,,1,247950,0.000004033071183706392,0,0,0,16196,0,0,0,34232,0,0,0,9724,0,0,0,18360,0,0,0,21342,0,0,1,111822,0,0,0,6052,0,0,0,30222,0,0
10,81923943,rs749286451,A,G,gnomAD Exomes,PASS,NA,c.859-44T>C,,c.859-44T>C,intron_variant,,1,247478,0.000004040763219356872,0,0,0,16200,0,0,0,34228,0,0,0,9684,0,0,0,18362,0,0,0,21300,0,0,1,111522,0,0,0,6052,0,0,0,30130,0,0
10,81923945,rs757103080,C,A,gnomAD Exomes,PASS,NA,c.859-46G>T,,c.859-46G>T,intron_variant,,1,247090,0.000004047108341090291,0,0,0,16194,0,0,0,34172,0,0,0,9658,0,0,0,18348,0,0,0,21264,0,0,1,111374,0,0,0,6040,0,0,0,30040,0,0
10,81923948,rs778701669,C,T,gnomAD Exomes,PASS,NA,c.859-49G>A,,c.859-49G>A,intron_variant,,1,246448,0.000004057651106927222,0,0,0,16182,0,0,0,34158,0,0,0,9594,0,0,0,18350,0,0,0,21196,0,0,0,111060,0,0,1,6028,0,0,0,29880,0,0
10,81923951,rs745601592,C,G,gnomAD Exomes,PASS,NA,c.859-52G>C,,c.859-52G>C,intron_variant,,1,245858,0.0000040673884925444766,0,0,0,16168,0,0,0,34100,0,0,0,9544,0,0,0,18350,0,0,0,21146,0,0,0,110746,0,0,0,6014,0,0,1,29790,0,0
10,81923951,rs745601592,C,T,"gnomAD Exomes,gnomAD Genomes",PASS,PASS,c.859-52G>A,,c.859-52G>A,intron_variant,,8,277260,0.00002885378345235519,0,0,0,24884,0,0,0,34948,0,0,0,9834,0,0,0,19910,0,0,0,24620,0,0,7,126172,0,0,1,7102,0,0,0,29790,0,0
10,81923958,rs983834006,C,T,gnomAD Genomes,NA,PASS,c.859-59G>A,,c.859-59G>A,intron_variant,,3,31388,0.00009557792787052377,0,0,0,8708,0,0,0,848,0,0,0,290,0,0,0,1560,0,0,0,3474,0,0,3,15422,0,0,0,1086,0,0,0,0,0,0
10,81923959,rs12762098,G,C,gnomAD Genomes,NA,PASS,c.859-60C>G,,c.859-60C>G,intron_variant,,1341,31376,0.042739673635900054,42,0,93,8708,0,0,25,846,0,0,13,290,0,0,1,1558,0,0,164,3476,5,0,993,15410,37,0,52,1088,0,0,0,0,0,0
10,81923959,rs12762098,G,A,gnomAD Genomes,NA,PASS,c.859-60C>T,,c.859-60C>T,intron_variant,,1,31376,0.00003187149413564508,0,0,1,8708,0,0,0,846,0,0,0,290,0,0,0,1558,0,0,0,3476,0,0,0,15410,0,0,0,1088,0,0,0,0,0,0
10,81923961,rs2236557,G,A,gnomAD Genomes,NA,PASS,c.859-62C>T,,c.859-62C>T,intron_variant,,11722,31330,0.37414618576444303,2374,0,1793,8696,192,0,361,848,80,0,102,290,16,0,1064,1550,380,0,1559,3472,346,0,6397,15386,1271,0,446,1088,89,0,0,0,0,0
10,81925768,rs143105746,A,ACACGCATGCGCGCGTGCG,gnomAD Genomes,NA,PASS,c.858+54_858+71dupCGCACGCGCGCATGCGTG,,c.858+54_858+71dupCGCACGCGCGCATGCGTG,intron_variant,,677,29790,0.022725746894931186,5,0,204,8222,1,0,5,830,0,0,10,278,0,0,0,1558,0,0,28,3308,0,0,409,14554,4,0,21,1040,0,0,0,0,0,0
10,81925768,rs143105746,A,ACACGCATGCGCGCATGCG,gnomAD Genomes,NA,PASS,c.858+71_858+72insCGCATGCGCGCATGCGTG,,c.858+71_858+72insCGCATGCGCGCATGCGTG,intron_variant,,1,29790,0.00003356831151393085,0,0,0,8222,0,0,0,830,0,0,0,278,0,0,0,1558,0,0,0,3308,0,0,1,14554,0,0,0,1040,0,0,0,0,0,0
10,81925770,rs945400482,ACG,A,gnomAD Genomes,NA,PASS,c.858+68_858+69delCG,,c.858+68_858+69delCG,intron_variant,,1,30934,0.00003232688950669167,0,0,0,8528,0,0,0,842,0,0,0,288,0,0,0,1556,0,0,0,3430,0,0,1,15218,0,0,0,1072,0,0,0,0,0,0
10,81925770,rs945400482,ACGCATGCGCGCGTGCGCACACACGCGCG,A,gnomAD Genomes,NA,PASS,c.858+42_858+69delCGCGCGTGTGTGCGCACGCGCGCATGCG,,c.858+42_858+69delCGCGCGTGTGTGCGCACGCGCGCATGCG,intron_variant,,1,30934,0.00003232688950669167,0,0,0,8528,0,0,0,842,0,0,0,288,0,0,0,1556,0,0,0,3430,0,0,1,15218,0,0,0,1072,0,0,0,0,0,0
10,81925770,rs945400482,ACGCATGCGCGCGTGCGCACACACG,A,gnomAD Genomes,NA,PASS,c.858+46_858+69delCGTGTGTGCGCACGCGCGCATGCG,,c.858+46_858+69delCGTGTGTGCGCACGCGCGCATGCG,intron_variant,,1,30934,0.00003232688950669167,0,0,1,8528,0,0,0,842,0,0,0,288,0,0,0,1556,0,0,0,3430,0,0,0,15218,0,0,0,1072,0,0,0,0,0,0
10,81925770,rs945400482,ACGCATGCG,A,gnomAD Genomes,NA,PASS,c.858+62_858+69delCGCATGCG,,c.858+62_858+69delCGCATGCG,intron_variant,,1,30934,0.00003232688950669167,0,0,0,8528,0,0,0,842,0,0,0,288,0,0,0,1556,0,0,0,3430,0,0,1,15218,0,0,0,1072,0,0,0,0,0,0
10,81925771,rs1054946789,C,T,gnomAD Genomes,NA,PASS,c.858+69G>A,,c.858+69G>A,intron_variant,,1,30814,0.00003245278120334913,0,0,1,8484,0,0,0,838,0,0,0,288,0,0,0,1548,0,0,0,3412,0,0,0,15178,0,0,0,1066,0,0,0,0,0,0
10,81925772,rs1160501540,G,A,gnomAD Genomes,NA,PASS,c.858+68C>T,,c.858+68C>T,intron_variant,,3,30786,0.00009744689144416293,0,0,0,8468,0,0,0,842,0,0,0,288,0,0,0,1548,0,0,0,3412,0,0,3,15162,0,0,0,1066,0,0,0,0,0,0
10,81925773,rs1385489901,C,T,gnomAD Genomes,NA,PASS,c.858+67G>A,,c.858+67G>A,intron_variant,,4,30802,0.0001298616972923836,0,0,0,8468,0,0,0,836,0,0,0,288,0,0,0,1554,0,0,0,3406,0,0,4,15186,0,0,0,1064,0,0,0,0,0,0
10,81925774,rs1428302665,ATGCGCG,A,gnomAD Genomes,NA,PASS,c.858+60_858+65delCGCGCA,,c.858+60_858+65delCGCGCA,intron_variant,,1,30586,0.00003269469692015955,0,0,0,8380,0,0,0,836,0,0,0,288,0,0,0,1546,0,0,0,3380,0,0,1,15092,0,0,0,1064,0,0,0,0,0,0
10,81925777,rs560552241,C,T,gnomAD Genomes,NA,PASS,c.858+63G>A,,c.858+63G>A,intron_variant,,2,30168,0.00006629541235746487,0,0,1,8214,0,0,0,826,0,0,0,288,0,0,0,1536,0,0,0,3356,0,0,1,14908,0,0,0,1040,0,0,0,0,0,0
10,81925778,rs1010710019,G,A,gnomAD Genomes,NA,PASS,c.858+62C>T,,c.858+62C>T,intron_variant,,1,30140,0.000033178500331785,0,0,1,8188,0,0,0,822,0,0,0,288,0,0,0,1536,0,0,0,3350,0,0,0,14914,0,0,0,1042,0,0,0,0,0,0
10,81925778,rs1010710019,G,C,gnomAD Genomes,NA,PASS,c.858+62C>G,,c.858+62C>G,intron_variant,,1,30140,0.000033178500331785,0,0,0,8188,0,0,0,822,0,0,0,288,0,0,0,1536,0,0,0,3350,0,0,1,14914,0,0,0,1042,0,0,0,0,0,0
10,81925779,rs868718771,C,T,gnomAD Genomes,NA,PASS,c.858+61G>A,,c.858+61G>A,intron_variant,,2,29868,0.00006696129637069774,0,0,0,8076,0,0,0,830,0,0,0,286,0,0,2,1526,0,0,0,3332,0,0,0,14780,0,0,0,1038,0,0,0,0,0,0
10,81925780,rs949554318,G,A,gnomAD Genomes,NA,PASS,c.858+60C>T,,c.858+60C>T,intron_variant,,7,29610,0.00023640661938534278,0,0,0,7982,0,0,0,824,0,0,0,286,0,0,0,1518,0,0,0,3310,0,0,7,14660,0,0,0,1030,0,0,0,0,0,0
10,81925781,rs1037304470,C,T,gnomAD Genomes,NA,PASS,c.858+59G>A,,c.858+59G>A,intron_variant,,2,29488,0.00006782419967444384,0,0,0,7950,0,0,0,820,0,0,0,284,0,0,0,1506,0,0,0,3304,0,0,2,14612,0,0,0,1012,0,0,0,0,0,0
10,81925783,rs1241957560,TGC,T,gnomAD Genomes,NA,PASS,c.858+55_858+56delGC,,c.858+55_858+56delGC,intron_variant,,1,27258,0.000036686477364443466,0,0,1,6964,0,0,0,792,0,0,0,276,0,0,0,1432,0,0,0,3102,0,0,0,13736,0,0,0,956,0,0,0,0,0,0
10,81925784,rs1260913754,GCGCACACACGCGCGCACACACACA,G,gnomAD Genomes,NA,PASS,c.858+32_858+55delTGTGTGTGTGCGCGCGTGTGTGCG,,c.858+32_858+55delTGTGTGTGTGCGCGCGTGTGTGCG,intron_variant,lcr,1,24032,0.00004161118508655127,0,0,0,5438,0,0,0,756,0,0,0,246,0,0,0,1282,0,0,0,2814,0,0,1,12622,0,0,0,874,0,0,0,0,0,0
10,81925785,rs2573348,C,T,gnomAD Genomes,NA,PASS,c.858+55G>A,,c.858+55G>A,intron_variant,lcr,11473,25650,0.4472904483430799,2313,0,1754,5962,187,0,360,786,80,0,100,260,16,0,1037,1452,361,0,1539,2974,344,0,6248,13296,1239,0,435,920,86,0,0,0,0,0
10,81925786,rs902444112,GCA,G,gnomAD Genomes,NA,PASS,c.858+52_858+53delTG,,c.858+52_858+53delTG,intron_variant,lcr,2,23692,0.00008441668073611346,0,0,1,5414,0,0,0,730,0,0,0,252,0,0,0,1272,0,0,0,2744,0,0,1,12426,0,0,0,854,0,0,0,0,0,0
10,81925788,rs1278852453,A,ACGCATGCGCGCGTGCG,gnomAD Genomes,NA,PASS,c.858+51_858+52insCGCACGCGCGCATGCG,,c.858+51_858+52insCGCACGCGCGCATGCG,intron_variant,lcr,282,16700,0.01688622754491018,2,0,55,3490,0,0,3,568,0,0,0,164,0,0,0,748,0,0,65,1978,0,0,149,9152,2,0,10,600,0,0,0,0,0,0
10,81925790,rs758386221,A,ATGCGCGCGTGCG,gnomAD Exomes,PASS,NA,c.858+49_858+50insCGCACGCGCGCA,,c.858+49_858+50insCGCACGCGCGCA,intron_variant,lcr,4,122952,0.000032533021016331574,0,0,2,8710,0,0,0,13402,0,0,0,3884,0,0,0,7616,0,0,0,8490,0,0,2,63932,0,0,0,2712,0,0,0,14206,0,0
10,81925790,rs758386221,A,G,"gnomAD Exomes,gnomAD Genomes",PASS,PASS,c.858+50T>C,,c.858+50T>C,intron_variant,lcr,297,137528,0.0021595602350066895,3,0,154,11736,2,0,27,13936,1,0,3,4012,0,0,0,8318,0,0,12,10250,0,0,79,71820,0,0,10,3250,0,0,12,14206,0,0
10,81925790,rs758386221,ACACG,A,gnomAD Exomes,PASS,NA,c.858+46_858+49delCGTG,,c.858+46_858+49delCGTG,intron_variant,lcr,1,122952,0.000008133255254082893,0,0,0,8710,0,0,0,13402,0,0,0,3884,0,0,0,7616,0,0,0,8490,0,0,1,63932,0,0,0,2712,0,0,0,14206,0,0
10,81925792,rs746498821,A,ACACG,"gnomAD Exomes,gnomAD Genomes",PASS,PASS,c.858+47_858+48insCGTG,,c.858+47_858+48insCGTG,intron_variant,lcr,5,157106,0.000031825646378877954,0,0,0,17334,0,0,0,14960,0,0,0,5634,0,0,0,9396,0,0,0,12368,0,0,4,78946,0,0,1,3946,0,0,0,14522,0,0
10,81925792,rs746498821,A,ACG,gnomAD Exomes,PASS,NA,c.858+46_858+47dupCG,,c.858+46_858+47dupCG,intron_variant,lcr,21,133344,0.00015748740100791935,0,0,0,10182,0,0,1,14340,0,0,0,5392,0,0,0,8496,0,0,0,9792,0,0,11,67470,0,0,1,3150,0,0,8,14522,0,0
10,81925792,rs746498821,A,ATG,"gnomAD Exomes,gnomAD Genomes",PASS,PASS,c.858+47_858+48insCA,,c.858+47_858+48insCA,intron_variant,lcr,1383,157106,0.008802973788397643,6,0,324,17334,3,0,219,14960,1,0,45,5634,0,0,44,9396,0,0,27,12368,0,0,401,78946,0,0,29,3946,0,0,294,14522,2,0
10,81925792,rs746498821,A,G,gnomAD Exomes,PASS,NA,c.858+48T>C,,c.858+48T>C,intron_variant,lcr,5,133344,0.0000374970002399808,0,0,2,10182,0,0,2,14340,0,0,0,5392,0,0,0,8496,0,0,0,9792,0,0,0,67470,0,0,0,3150,0,0,1,14522,0,0
10,81925792,rs746498821,ACG,A,"gnomAD Exomes,gnomAD Genomes",PASS,PASS,c.858+46_858+47delCG,,c.858+46_858+47delCG,intron_variant,lcr,36162,157106,0.2301758048705969,1377,0,1982,17334,53,0,3878,14960,131,0,1353,5634,52,0,1722,9396,27,0,3103,12368,180,0,20624,78946,838,0,964,3946,40,0,2536,14522,56,0
10,81925792,rs746498821,ACGCG,A,"gnomAD Exomes,gnomAD Genomes",PASS,PASS,c.858+44_858+47delCGCG,,c.858+44_858+47delCGCG,intron_variant,lcr,434,157106,0.0027624661056866065,5,0,375,17334,5,0,36,14960,0,0,3,5634,0,0,2,9396,0,0,1,12368,0,0,12,78946,0,0,4,3946,0,0,1,14522,0,0
10,81925793,rs75344562,C,A,gnomAD Exomes,PASS,NA,c.858+47G>T,,c.858+47G>T,intron_variant,lcr,1,130178,0.000007681789549693496,0,0,0,9902,0,0,0,16050,0,0,0,5150,0,0,0,7430,0,0,0,9340,0,0,0,64554,0,0,1,3132,0,0,0,14620,0,0
10,81925793,rs75344562,C,CGT,gnomAD Genomes,NA,PASS,c.858+46_858+47insAC,,c.858+46_858+47insAC,intron_variant,lcr,3,22690,0.00013221683561040105,0,0,0,6798,0,0,0,626,0,0,0,230,0,0,0,820,0,0,0,2506,0,0,3,10926,0,0,0,784,0,0,0,0,0,0
10,81925793,rs75344562,C,T,"gnomAD Exomes,gnomAD Genomes",PASS,PASS,c.858+47G>A,,c.858+47G>A,intron_variant,lcr,25175,152868,0.16468456446084204,739,0,787,16700,10,0,4545,16676,76,0,784,5380,28,0,222,8250,5,0,1635,11846,48,0,12995,75480,470,0,687,3916,25,0,3520,14620,77,0
10,81925794,rs2784775,G,A,"gnomAD Exomes,gnomAD Genomes",PASS,PASS,c.858+46C>T,,c.858+46C>T,intron_variant,lcr,1278,125196,0.01020799386561871,9,0,56,16552,1,0,51,9570,0,0,10,4550,0,0,0,7816,0,0,249,10414,2,0,828,63524,6,0,24,3202,0,0,60,9568,0,0
10,81925794,rs2784775,G,GCA,gnomAD Genomes,NA,PASS,c.858+45_858+46insTG,,c.858+45_858+46insTG,intron_variant,lcr,10,22486,0.00044472115983278484,0,0,8,7042,0,0,0,532,0,0,0,216,0,0,0,826,0,0,0,2482,0,0,2,10638,0,0,0,750,0,0,0,0,0,0
10,81925794,rs2784775,GCGCGCA,G,"gnomAD Exomes,gnomAD Genomes",PASS,PASS,c.858+40_858+45delTGCGCG,,c.858+40_858+45delTGCGCG,intron_variant,lcr,691,125196,0.005519345665995719,6,0,613,16552,5,0,57,9570,1,0,0,4550,0,0,0,7816,0,0,0,10414,0,0,4,63524,0,0,16,3202,0,0,1,9568,0,0
10,81925794,rs2784775,GCGCGCACA,G,gnomAD Genomes,NA,PASS,c.858+38_858+45delTGTGCGCG,,c.858+38_858+45delTGTGCGCG,intron_variant,lcr,25,22486,0.0011118028995819621,0,0,24,7042,0,0,0,532,0,0,0,216,0,0,0,826,0,0,0,2482,0,0,1,10638,0,0,0,750,0,0,0,0,0,0
10,81925794,rs2784775,GCGCGCACACA,G,"gnomAD Exomes,gnomAD Genomes",PASS,PASS,c.858+36_858+45delTGTGTGCGCG,,c.858+36_858+45delTGTGTGCGCG,intron_variant,lcr,23,125196,0.00018371193967858397,0,0,20,16552,0,0,2,9570,0,0,0,4550,0,0,0,7816,0,0,0,10414,0,0,1,63524,0,0,0,3202,0,0,0,9568,0,0
10,81925795,rs9421228,C,CATGCGCGCGT,gnomAD Exomes,PASS,NA,c.858+44_858+45insACGCGCGCAT,,c.858+44_858+45insACGCGCGCAT,intron_variant,lcr,2,162162,0.000012333345666679,0,0,0,7958,0,0,0,21970,0,0,0,5902,0,0,0,15118,0,0,0,13052,0,0,2,76088,0,0,0,3976,0,0,0,18098,0,0
10,81925795,rs9421228,C,CGCGT,"gnomAD Exomes,gnomAD Genomes",PASS,PASS,c.858+44_858+45insACGC,,c.858+44_858+45insACGC,intron_variant,lcr,239,184944,0.0012922830694696774,3,0,141,13114,2,0,23,22700,1,0,0,6114,0,0,0,16498,0,0,4,15786,0,0,53,87842,0,0,8,4792,0,0,10,18098,0,0
10,81925795,rs9421228,C,T,"gnomAD Exomes,gnomAD Genomes",PASS,PASS,c.858+45G>A,,c.858+45G>A,intron_variant,lcr,105786,184944,0.5719893589410848,24396,0,4790,13114,537,0,13686,22700,3399,0,3351,6114,692,0,12352,16498,4232,0,9642,15786,2327,0,49643,87842,10621,0,2716,4792,614,0,9606,18098,1974,0
10,81925796,rs11201949,G,GCA,"gnomAD Exomes,gnomAD Genomes",PASS,PASS,c.858+43_858+44insTG,,c.858+43_858+44insTG,intron_variant,lcr,9438,183748,0.05136382436815639,154,0,2913,16768,123,0,682,20588,4,0,518,6172,1,0,410,13908,0,0,345,15672,0,0,3826,88276,20,0,215,4720,1,0,529,17644,5,0
10,81925796,rs11201949,G,GCACA,"gnomAD Exomes,gnomAD Genomes",PASS,PASS,c.858+43_858+44insTGTG,,c.858+43_858+44insTGTG,intron_variant,lcr,9010,183748,0.049034547314800704,131,0,1452,16768,53,0,731,20588,4,0,338,6172,4,0,916,13908,17,0,731,15672,12,0,3395,88276,28,0,221,4720,2,0,1226,17644,11,0
10,81925796,rs11201949,G,GCACACA,gnomAD Genomes,NA,PASS,c.858+43_858+44insTGTGTG,,c.858+43_858+44insTGTGTG,intron_variant,lcr,1457,28342,0.05140780467151224,83,0,849,7340,69,0,11,782,0,0,3,258,0,0,12,1502,0,0,164,3186,3,0,381,14280,10,0,37,994,1,0,0,0,0,0
10,81925796,rs11201949,GCGCA,G,"gnomAD Exomes,gnomAD Genomes",PASS,PASS,c.858+40_858+43delTGCG,,c.858+40_858+43delTGCG,intron_variant,lcr,5407,183748,0.029426170624986394,12,0,231,16768,0,0,403,20588,0,0,197,6172,1,0,535,13908,5,0,447,15672,2,0,2939,88276,1,0,155,4720,0,0,500,17644,3,0
10,81925796,rs11201949,GCGCACACACA,G,"gnomAD Exomes,gnomAD Genomes",PASS,PASS,c.858+34_858+43delTGTGTGTGCG,,c.858+34_858+43delTGTGTGTGCG,intron_variant,lcr,5205,183748,0.02832683893158021,99,0,659,16768,17,0,1068,20588,16,0,124,6172,2,0,1890,13908,54,0,64,15672,0,0,886,88276,2,0,102,4720,1,0,412,17644,7,0
10,81925796,rs11201949,GCGCACACACACA,G,"gnomAD Exomes,gnomAD Genomes",PASS,PASS,c.858+32_858+43delTGTGTGTGTGCG,,c.858+32_858+43delTGTGTGTGTGCG,intron_variant,lcr,70472,183748,0.38352526286000393,7354,0,3525,16768,237,0,8350,20588,917,0,2301,6172,231,0,6445,13908,854,0,7372,15672,1187,0,34535,88276,3254,0,1885,4720,244,0,6059,17644,430,0
10,81925796,rs11201949,GCGCACACACACACA,G,gnomAD Exomes,PASS,NA,c.858+30_858+43delTGTGTGTGTGTGCG,,c.858+30_858+43delTGTGTGTGTGTGCG,intron_variant,lcr,5276,155406,0.03394978314865578,6,0,112,9428,0,0,666,19806,0,0,154,5914,0,0,772,12406,0,0,418,12486,1,0,2533,73996,2,0,112,3726,0,0,509,17644,3,0
10,81925797,rs2789688,C,T,gnomAD Exomes,PASS,NA,c.858+43G>A,,c.858+43G>A,intron_variant,lcr,10,149376,0.00006694515852613539,0,0,0,6608,0,0,0,19608,0,0,0,5308,0,0,0,12114,0,0,0,12432,0,0,10,73560,0,0,0,3658,0,0,0,16088,0,0
10,81925797,rs2789688,C,CGTGT,gnomAD Exomes,PASS,NA,c.858+42_858+43insACAC,,c.858+42_858+43insACAC,intron_variant,lcr,1,149376,0.000006694515852613539,0,0,0,6608,0,0,0,19608,0,0,0,5308,0,0,0,12114,0,0,1,12432,0,0,0,73560,0,0,0,3658,0,0,0,16088,0,0
10,81925798,rs3000941,G,A,"gnomAD Exomes,gnomAD Genomes",PASS,PASS,c.858+42C>T,,c.858+42C>T,intron_variant,lcr,44914,200212,0.22433220785966876,4057,0,8862,19488,1920,0,5840,22374,291,0,1611,6752,143,0,2367,15858,170,0,2587,16872,166,0,17538,95224,957,0,1095,5108,76,0,5014,18536,334,0
10,81925798,rs3000941,G,GCA,"gnomAD Exomes,gnomAD Genomes",PASS,PASS,c.858+40_858+41dupTG,,c.858+40_858+41dupTG,intron_variant,lcr,3385,200212,0.0169070784967934,12,0,234,19488,1,0,99,22374,0,0,80,6752,1,0,22,15858,0,0,191,16872,1,0,2290,95224,7,0,105,5108,1,0,364,18536,1,0
10,81925798,rs3000941,G,GCACA,gnomAD Genomes,NA,PASS,c.858+38_858+41dupTGTG,,c.858+38_858+41dupTGTG,intron_variant,lcr,105,28524,0.0036811106436684896,0,0,60,7860,0,0,5,778,0,0,0,274,0,0,13,1504,0,0,4,3150,0,0,22,13982,0,0,1,976,0,0,0,0,0,0
10,81925798,rs3000941,G,GCACACA,"gnomAD Exomes,gnomAD Genomes",PASS,PASS,c.858+36_858+41dupTGTGTG,,c.858+36_858+41dupTGTGTG,intron_variant,lcr,1489,200212,0.0074371166563442755,28,0,188,19488,1,0,39,22374,1,0,8,6752,0,0,114,15858,0,0,21,16872,0,0,158,95224,3,0,36,5108,1,0,925,18536,22,0
10,81925798,rs3000941,GCA,G,gnomAD Exomes,PASS,NA,c.858+40_858+41delTG,,c.858+40_858+41delTG,intron_variant,lcr,2007,171688,0.011689809421741764,1,0,62,11628,0,0,116,21596,0,0,97,6478,1,0,29,14354,0,0,220,13722,0,0,1228,81242,0,0,52,4132,0,0,203,18536,0,0
10,81925798,rs3000941,GCACACACACACA,G,"gnomAD Exomes,gnomAD Genomes",PASS,PASS,c.858+30_858+41delTGTGTGTGTGTG,,c.858+30_858+41delTGTGTGTGTGTG,intron_variant,lcr,954,200212,0.004764949153896869,22,0,883,19488,22,0,49,22374,0,0,0,6752,0,0,2,15858,0,0,0,16872,0,0,11,95224,0,0,6,5108,0,0,3,18536,0,0
10,81925800,rs755202145,A,G,"gnomAD Exomes,gnomAD Genomes",PASS,PASS,c.858+40T>C,,c.858+40T>C,intron_variant,lcr,104,145808,0.0007132667617689016,0,0,9,13014,0,0,6,15002,0,0,0,5018,0,0,0,12184,0,0,3,13492,0,0,73,70646,0,0,2,3774,0,0,11,12678,0,0
10,81925802,rs765603830,A,ATGCGCGCGTGCG,gnomAD Exomes,PASS,NA,c.858+37_858+38insCGCACGCGCGCA,,c.858+37_858+38insCGCACGCGCGCA,intron_variant,lcr,1,129784,0.000007705110028971214,0,0,0,9404,0,0,0,16210,0,0,0,5146,0,0,0,10026,0,0,0,11368,0,0,1,59994,0,0,0,3158,0,0,0,14478,0,0
10,81925802,rs765603830,A,G,"gnomAD Exomes,gnomAD Genomes",PASS,PASS,c.858+38T>C,,c.858+38T>C,intron_variant,lcr,5,151320,0.00003304255881575469,0,0,1,15028,0,0,1,16724,0,0,0,5350,0,0,1,11182,0,0,0,13776,0,0,2,70904,0,0,0,3878,0,0,0,14478,0,0
10,81925804,rs369164477,A,ACG,gnomAD Exomes,PASS,NA,c.858+35_858+36insCG,,c.858+35_858+36insCG,intron_variant,lcr,5,144636,0.00003456954008683868,0,0,2,10484,0,0,0,17878,0,0,0,5850,0,0,0,10404,0,0,0,12526,0,0,3,67946,0,0,0,3512,0,0,0,16036,0,0
10,81925804,rs369164477,A,ACGCGCACACGCG,gnomAD Exomes,PASS,NA,c.858+35_858+36insCGCGTGTGCGCG,,c.858+35_858+36insCGCGTGTGCGCG,intron_variant,lcr,1,144636,0.0000069139080173677366,0,0,1,10484,0,0,0,17878,0,0,0,5850,0,0,0,10404,0,0,0,12526,0,0,0,67946,0,0,0,3512,0,0,0,16036,0,0
10,81925804,rs369164477,A,G,gnomAD Exomes,PASS,NA,c.858+36T>C,,c.858+36T>C,intron_variant,lcr,2,144636,0.000013827816034735473,0,0,0,10484,0,0,0,17878,0,0,0,5850,0,0,0,10404,0,0,0,12526,0,0,2,67946,0,0,0,3512,0,0,0,16036,0,0
10,81925806,rs759914550,A,ACGCG,gnomAD Exomes,PASS,NA,c.858+33_858+34insCGCG,,c.858+33_858+34insCGCG,intron_variant,lcr,1,146456,0.000006827989293712787,0,0,0,10814,0,0,0,17898,0,0,0,6020,0,0,0,10298,0,0,0,12702,0,0,0,68806,0,0,0,3488,0,0,1,16430,0,0
10,81925806,rs759914550,A,G,gnomAD Exomes,PASS,NA,c.858+34T>C,,c.858+34T>C,intron_variant,lcr,19,146456,0.00012973179658054296,0,0,4,10814,0,0,1,17898,0,0,0,6020,0,0,1,10298,0,0,1,12702,0,0,9,68806,0,0,1,3488,0,0,2,16430,0,0
10,81925807,rs767992053,C,A,gnomAD Exomes,PASS,NA,c.858+33G>T,,c.858+33G>T,intron_variant,lcr,2,146810,0.000013623050200939991,0,0,0,10892,0,0,0,17926,0,0,0,6048,0,0,0,10200,0,0,2,12776,0,0,0,68944,0,0,0,3518,0,0,0,16506,0,0
10,81925807,rs767992053,C,T,gnomAD Exomes,PASS,NA,c.858+33G>A,,c.858+33G>A,intron_variant,lcr,6,146810,0.000040869150602819974,0,0,0,10892,0,0,0,17926,0,0,0,6048,0,0,1,10200,0,0,1,12776,0,0,4,68944,0,0,0,3518,0,0,0,16506,0,0
10,81925808,rs111946553,A,ATT,gnomAD Exomes,PASS,NA,c.858+31_858+32insAA,,c.858+31_858+32insAA,intron_variant,lcr,1,149360,0.000006695232994108195,0,0,0,11206,0,0,0,18500,0,0,0,6174,0,0,0,10758,0,0,1,12860,0,0,0,69438,0,0,0,3570,0,0,0,16854,0,0
10,81925808,rs111946553,A,G,gnomAD Exomes,PASS,NA,c.858+32T>C,,c.858+32T>C,intron_variant,lcr,17,149360,0.00011381896089983931,0,0,5,11206,0,0,1,18500,0,0,1,6174,0,0,1,10758,0,0,1,12860,0,0,4,69438,0,0,1,3570,0,0,3,16854,0,0
10,81925810,rs755690121,A,G,gnomAD Exomes,PASS,NA,c.858+30T>C,,c.858+30T>C,intron_variant,lcr,10,190944,0.00005237137590078767,0,0,6,13648,0,0,0,24062,0,0,0,7692,0,0,0,13510,0,0,0,15264,0,0,2,90034,0,0,0,4536,0,0,2,22198,0,0
10,81925811,rs568286628,C,T,"gnomAD Exomes,gnomAD Genomes",PASS,PASS,c.858+29G>A,,c.858+29G>A,intron_variant,lcr,59,237980,0.00024791999327674594,0,0,48,22236,0,0,8,27606,0,0,0,8768,0,0,0,15770,0,0,0,20032,0,0,2,113146,0,0,1,6062,0,0,0,24360,0,0
10,81925812,rs753237512,A,G,"gnomAD Exomes,gnomAD Genomes",PASS,PASS,c.858+28T>C,,c.858+28T>C,intron_variant,lcr,762,256462,0.0029712004117569074,10,0,699,23892,10,0,45,30628,0,0,0,9184,0,0,0,18404,0,0,0,21884,0,0,12,120046,0,0,6,6538,0,0,0,25886,0,0
10,81925813,rs757227678,C,T,"gnomAD Exomes,gnomAD Genomes",PASS,PASS,c.858+27G>A,,c.858+27G>A,intron_variant,lcr,11,265414,0.000041444686414431796,0,0,9,24436,0,0,1,31976,0,0,0,9726,0,0,0,18774,0,0,1,22802,0,0,0,123812,0,0,0,6774,0,0,0,27114,0,0
10,81925814,rs778750896,A,G,gnomAD Exomes,PASS,NA,c.858+26T>C,,c.858+26T>C,intron_variant,lcr,4,234754,0.000017039113284544672,0,0,1,15656,0,0,2,31456,0,0,0,9364,0,0,0,17448,0,0,0,19594,0,0,1,108390,0,0,0,5728,0,0,0,27118,0,0
10,81925817,rs1168403670,C,T,gnomAD Exomes,PASS,NA,c.858+23G>A,,c.858+23G>A,intron_variant,lcr,1,240254,0.00000416226160646649,0,0,0,16014,0,0,0,32400,0,0,0,9696,0,0,0,17688,0,0,0,20128,0,0,1,110386,0,0,0,5854,0,0,0,28088,0,0
10,81925819,rs745798043,C,A,gnomAD Exomes,PASS,NA,c.858+21G>T,,c.858+21G>T,intron_variant,lcr,1,238398,0.0000041946660626347535,0,0,0,15908,0,0,0,32164,0,0,0,9554,0,0,0,17596,0,0,0,19740,0,0,0,109612,0,0,0,5802,0,0,1,28022,0,0
10,81925821,rs12770317,C,T,gnomAD Exomes,PASS,NA,c.858+19G>A,,c.858+19G>A,intron_variant,lcr,4,233506,0.00001713018080905844,0,0,0,15836,0,0,4,31324,0,0,0,9340,0,0,0,17282,0,0,0,18906,0,0,0,107660,0,0,0,5698,0,0,0,27460,0,0
10,81925823,rs1160496720,CACACACACGT,C,gnomAD Exomes,PASS,NA,c.858+7_858+16delACGTGTGTGT,,c.858+7_858+16delACGTGTGTGT,splice_region_variant,lcr,1,239016,0.000004183820330019747,0,0,1,15978,0,0,0,32014,0,0,0,9652,0,0,0,17436,0,0,0,20124,0,0,0,109448,0,0,0,5896,0,0,0,28468,0,0
10,81925825,rs758244259,C,T,gnomAD Exomes,PASS,NA,c.858+15G>A,,c.858+15G>A,intron_variant,lcr,1,242556,0.00000412275928033114,0,0,0,16032,0,0,0,32876,0,0,0,9804,0,0,0,17750,0,0,0,20464,0,0,1,111186,0,0,0,5928,0,0,0,28516,0,0
10,81925829,rs1192141128,C,T,gnomAD Exomes,PASS,NA,c.858+11G>A,,c.858+11G>A,intron_variant,lcr,1,242766,0.000004119192967713766,0,0,0,16030,0,0,0,33500,0,0,0,9766,0,0,0,17860,0,0,0,19628,0,0,1,110880,0,0,0,5968,0,0,0,29134,0,0
10,81925829,rs1192141128,C,CACACACACGT,gnomAD Exomes,PASS,NA,c.858+10_858+11insACGTGTGTGT,,c.858+10_858+11insACGTGTGTGT,intron_variant,lcr,1,242766,0.000004119192967713766,0,0,0,16030,0,0,0,33500,0,0,0,9766,0,0,0,17860,0,0,0,19628,0,0,1,110880,0,0,0,5968,0,0,0,29134,0,0
10,81925830,rs189521398,A,G,gnomAD Exomes,PASS,NA,c.858+10T>C,,c.858+10T>C,intron_variant,lcr,3,242124,0.000012390345442830946,0,0,0,16044,0,0,0,33094,0,0,0,9754,0,0,1,17722,0,0,1,19752,0,0,0,110614,0,0,0,5976,0,0,1,29168,0,0
10,81925831,rs58223589,C,T,gnomAD Exomes,PASS,NA,c.858+9G>A,,c.858+9G>A,intron_variant,lcr,2,236440,0.00000845880561664693,0,0,0,15364,0,0,1,32994,0,0,0,9524,0,0,0,17620,0,0,0,18804,0,0,1,108342,0,0,0,5854,0,0,0,27938,0,0
10,81925837,rs981436701,C,T,"gnomAD Exomes,gnomAD Genomes",PASS,PASS,c.858+3G>A,,c.858+3G>A,splice_region_variant,lcr,2,278846,0.0000071724177502994485,0,0,0,24814,0,0,1,34888,0,0,0,10278,0,0,0,19690,0,0,0,24248,0,0,1,128104,0,0,0,7156,0,0,0,29668,0,0
10,81925843,rs1301264143,G,A,gnomAD Exomes,PASS,NA,p.Ile285Ile,c.855C>T(p.=),c.855C>T,synonymous_variant,,1,247266,0.000004044227673841127,0,0,0,15974,0,0,0,34092,0,0,0,10012,0,0,0,18152,0,0,0,20844,0,0,0,112716,0,0,0,6058,0,0,1,29418,0,0
10,81925854,rs1280800017,T,C,gnomAD Exomes,PASS,NA,p.Lys282Glu,p.Lys282Glu,c.844A>G,missense_variant,,1,250344,0.000003994503563097178,0,0,0,16214,0,0,0,34408,0,0,0,10064,0,0,0,18320,0,0,0,21494,0,0,1,113458,0,0,0,6114,0,0,0,30272,0,0
10,81925856,rs139232844,A,G,"gnomAD Exomes,gnomAD Genomes",PASS,PASS,p.Ile281Thr,p.Ile281Thr,c.842T>C,missense_variant,,26,281600,0.00009232954545454545,0,0,24,24896,0,0,1,35250,0,0,0,10356,0,0,0,19880,0,0,0,24946,0,0,0,128806,0,0,1,7202,0,0,0,30264,0,0
10,81925858,rs1292930558,C,T,gnomAD Exomes,PASS,NA,p.Glu280Glu,c.840G>A(p.=),c.840G>A,synonymous_variant,,1,250426,0.0000039931955947066195,0,0,0,16226,0,0,0,34430,0,0,0,10066,0,0,0,18342,0,0,0,21508,0,0,0,113466,0,0,0,6116,0,0,1,30272,0,0
10,81925858,rs1292930558,C,A,gnomAD Exomes,PASS,NA,p.Glu280Asp,p.Glu280Asp,c.840G>T,missense_variant,,2,250426,0.000007986391189413239,0,0,0,16226,0,0,0,34430,0,0,0,10066,0,0,0,18342,0,0,2,21508,0,0,0,113466,0,0,0,6116,0,0,0,30272,0,0
10,81925866,rs72807973,T,C,"gnomAD Exomes,gnomAD Genomes",PASS,PASS,p.Ile278Val,p.Ile278Val,c.832A>G,missense_variant,,900,282256,0.0031885947508644634,3,0,25,24924,0,0,101,35350,0,0,27,10366,0,0,0,19936,0,0,25,25034,0,0,628,128980,2,0,24,7204,0,0,70,30462,1,0
10,81925867,rs1220898283,G,A,gnomAD Exomes,PASS,NA,p.Asp277Asp,c.831C>T(p.=),c.831C>T,synonymous_variant,,1,250902,0.000003985619883460475,0,0,0,16238,0,0,0,34502,0,0,0,10076,0,0,1,18372,0,0,0,21534,0,0,0,113608,0,0,0,6128,0,0,0,30444,0,0
10,81925875,,G,A,gnomAD Exomes,PASS,NA,p.Leu275Phe,p.Leu275Phe,c.823C>T,missense_variant,,1,251046,0.0000039833337316667065,0,0,0,16242,0,0,1,34538,0,0,0,10074,0,0,0,18384,0,0,0,21578,0,0,0,113630,0,0,0,6130,0,0,0,30470,0,0
10,81925876,rs768032954,G,A,gnomAD Exomes,PASS,NA,p.Val274Val,c.822C>T(p.=),c.822C>T,synonymous_variant,,2,251220,0.000007961149590000796,0,0,0,16248,0,0,1,34556,0,0,0,10078,0,0,0,18390,0,0,0,21596,0,0,1,113678,0,0,0,6138,0,0,0,30536,0,0
10,81925881,rs775955508,G,A,gnomAD Exomes,PASS,NA,p.Pro273Ser,p.Pro273Ser,c.817C>T,missense_variant,,1,251278,0.000003979655998535487,0,0,0,16248,0,0,0,34564,0,0,0,10080,0,0,0,18392,0,0,0,21602,0,0,0,113710,0,0,1,6138,0,0,0,30544,0,0
10,81925884,rs1183991889,T,A,"gnomAD Exomes,gnomAD Genomes",PASS,PASS,p.Thr272Ser,p.Thr272Ser,c.814A>T,missense_variant,,4,282406,0.000014164005014057774,0,0,0,24902,0,0,0,35384,0,0,0,10368,0,0,0,19946,0,0,0,25030,0,0,4,128982,0,0,0,7214,0,0,0,30580,0,0
10,81925895,rs556265701,G,A,gnomAD Exomes,PASS,NA,p.Ala268Val,p.Ala268Val,c.803C>T,missense_variant,,2,251338,0.00000795741193134345,0,0,0,16248,0,0,0,34568,0,0,0,10078,0,0,0,18392,0,0,0,21620,0,0,0,113728,0,0,0,6136,0,0,2,30568,0,0
10,81925901,rs763595794,A,G,gnomAD Exomes,PASS,NA,p.Ile266Thr,p.Ile266Thr,c.797T>C,missense_variant,,1,251346,0.0000039785793288932385,0,0,0,16248,0,0,0,34570,0,0,0,10078,0,0,0,18390,0,0,0,21634,0,0,1,113720,0,0,0,6140,0,0,0,30566,0,0
10,81925902,rs753389224,T,C,"gnomAD Exomes,gnomAD Genomes",PASS,PASS,p.Ile266Val,p.Ile266Val,c.796A>G,missense_variant,,4,282650,0.000014151777817088272,0,0,0,24950,0,0,0,35416,0,0,0,10370,0,0,0,19950,0,0,0,25094,0,0,3,129086,0,0,1,7220,0,0,0,30564,0,0
10,81925903,rs150935845,T,A,"gnomAD Exomes,gnomAD Genomes",PASS,PASS,p.Thr265Thr,c.795A>T(p.=),c.795A>T,synonymous_variant,,2,282556,0.000007078242896983253,0,0,0,24936,0,0,0,35412,0,0,0,10368,0,0,0,19952,0,0,0,25092,0,0,2,129038,0,0,0,7220,0,0,0,30538,0,0
10,81925903,rs150935845,T,C,"gnomAD Exomes,gnomAD Genomes",PASS,PASS,p.Thr265Thr,c.795A>G(p.=),c.795A>G,synonymous_variant,,48,282556,0.00016987782952759806,0,0,3,24936,0,0,10,35412,0,0,0,10368,0,0,0,19952,0,0,0,25092,0,0,32,129038,0,0,2,7220,0,0,1,30538,0,0
10,81925903,rs150935845,T,G,gnomAD Genomes,NA,PASS,p.Thr265Thr,c.795A>C(p.=),c.795A>C,synonymous_variant,,2,31270,0.00006395906619763352,0,0,0,8690,0,0,0,848,0,0,0,288,0,0,2,1560,0,0,0,3464,0,0,0,15338,0,0,0,1082,0,0,0,0,0,0
10,81925904,rs1316699033,G,A,gnomAD Exomes,PASS,NA,p.Thr265Ile,p.Thr265Ile,c.794C>T,missense_variant,,1,251292,0.00000397943428362224,0,0,0,16248,0,0,0,34568,0,0,0,10078,0,0,0,18392,0,0,0,21606,0,0,1,113716,0,0,0,6134,0,0,0,30550,0,0
10,81925907,rs1161380078,T,G,gnomAD Exomes,PASS,NA,p.Lys264Thr,p.Lys264Thr,c.791A>C,missense_variant,,1,251304,0.000003979244261929774,0,0,0,16246,0,0,0,34566,0,0,0,10078,0,0,0,18392,0,0,0,21624,0,0,1,113710,0,0,0,6138,0,0,0,30550,0,0
10,81925910,rs1389856017,T,C,gnomAD Exomes,PASS,NA,p.Glu263Gly,p.Glu263Gly,c.788A>G,missense_variant,,1,251286,0.000003979529301274246,0,0,0,16248,0,0,0,34560,0,0,0,10080,0,0,0,18388,0,0,0,21620,0,0,1,113714,0,0,0,6136,0,0,0,30540,0,0
10,81925916,rs1391901363,T,C,gnomAD Exomes,PASS,NA,p.Asn261Ser,p.Asn261Ser,c.782A>G,missense_variant,,1,251176,0.000003981272096060133,0,0,0,16238,0,0,0,34556,0,0,0,10072,0,0,0,18388,0,0,0,21616,0,0,0,113674,0,0,0,6136,0,0,1,30496,0,0
10,81925924,rs750407081,C,T,"gnomAD Exomes,gnomAD Genomes",PASS,PASS,p.Leu258Leu,c.774G>A(p.=),c.774G>A,synonymous_variant,,20,282316,0.00007084260190708285,0,0,0,24916,0,0,0,35392,0,0,0,10362,0,0,0,19952,0,0,0,25052,0,0,20,128972,0,0,0,7204,0,0,0,30466,0,0
10,81925929,rs1333528886,C,T,gnomAD Exomes,PASS,NA,p.Glu257Lys,p.Glu257Lys,c.769G>A,missense_variant,,1,250642,0.000003989754310929533,0,0,0,16232,0,0,0,34476,0,0,0,10068,0,0,0,18376,0,0,0,21584,0,0,1,113524,0,0,0,6114,0,0,0,30268,0,0
10,81925931,rs200360796,G,A,gnomAD Exomes,PASS,NA,p.Ser256Phe,p.Ser256Phe,c.767C>T,missense_variant,,1,250588,0.000003990614075693968,0,0,0,16230,0,0,0,34476,0,0,0,10068,0,0,1,18374,0,0,0,21564,0,0,0,113510,0,0,0,6112,0,0,0,30254,0,0
10,81925939,rs1315386177,A,G,gnomAD Exomes,PASS,NA,p.Asp253Asp,c.759T>C(p.=),c.759T>C,synonymous_variant,,1,249854,0.000004002337365021172,0,0,0,16214,0,0,0,34374,0,0,1,10048,0,0,0,18338,0,0,0,21552,0,0,0,113282,0,0,0,6096,0,0,0,29950,0,0
10,81925947,rs1230914826,T,C,gnomAD Genomes,NA,PASS,p.Ile251Val,p.Ile251Val,c.751A>G,missense_variant,,1,31094,0.000032160545442850713,0,0,0,8644,0,0,0,844,0,0,0,290,0,0,0,1556,0,0,1,3440,0,0,0,15252,0,0,0,1068,0,0,0,0,0,0
10,81925956,rs779858974,G,A,gnomAD Exomes,PASS,NA,c.745-3C>T,,c.745-3C>T,splice_region_variant,,1,234748,0.000004259887198186992,0,0,0,15926,0,0,0,30216,0,0,0,9404,0,0,0,17360,0,0,0,20970,0,0,1,109038,0,0,0,5702,0,0,0,26132,0,0
10,81925960,rs61860026,G,C,"gnomAD Exomes,gnomAD Genomes",PASS,PASS,c.745-7C>G,,c.745-7C>G,splice_region_variant,,741,260194,0.0028478750470802556,4,0,22,24466,0,0,92,29044,0,0,3,9374,0,0,0,18542,0,0,18,24120,0,0,569,122744,4,0,24,6546,0,0,13,25358,0,0
10,81925961,rs756375856,G,C,gnomAD Exomes,PASS,NA,c.745-8C>G,,c.745-8C>G,splice_region_variant,,1,228882,0.0000043690635349219245,0,0,0,15792,0,0,0,28190,0,0,0,9112,0,0,0,16942,0,0,0,20670,0,0,1,107364,0,0,0,5460,0,0,0,25352,0,0
10,81925965,rs777791581,T,C,gnomAD Exomes,PASS,NA,c.745-12A>G,,c.745-12A>G,intron_variant,lcr,2,225384,0.000008873744365172327,0,0,0,15698,0,0,0,26952,0,0,0,8848,0,0,0,16684,0,0,0,20358,0,0,0,106570,0,0,0,5320,0,0,2,24954,0,0
10,81925966,rs776748354,TCAAA,T,gnomAD Exomes,PASS,NA,c.745-17_745-14delTTTG,,c.745-17_745-14delTTTG,intron_variant,lcr,1,224398,0.000004456367703811977,0,0,0,15672,0,0,0,26706,0,0,0,8804,0,0,0,16588,0,0,0,20272,0,0,1,106184,0,0,0,5302,0,0,0,24870,0,0
10,81925971,rs749522479,C,T,gnomAD Exomes,PASS,NA,c.745-18G>A,,c.745-18G>A,intron_variant,lcr,1,212954,0.000004695849807939743,0,0,0,15162,0,0,0,23750,0,0,0,8272,0,0,0,15914,0,0,1,19020,0,0,0,102232,0,0,0,4926,0,0,0,23678,0,0
10,81925971,rs749522479,C,A,gnomAD Exomes,PASS,NA,c.745-18G>T,,c.745-18G>T,intron_variant,lcr,4,212954,0.000018783399231758973,0,0,0,15162,0,0,0,23750,0,0,0,8272,0,0,1,15914,0,0,1,19020,0,0,2,102232,0,0,0,4926,0,0,0,23678,0,0
10,81925974,rs771194919,A,T,gnomAD Exomes,PASS,NA,c.745-21T>A,,c.745-21T>A,intron_variant,lcr,9,212300,0.00004239284032030146,0,0,0,14980,0,0,0,23812,0,0,0,8370,0,0,0,16120,0,0,0,18880,0,0,0,101702,0,0,0,4936,0,0,9,23500,0,0
10,81925974,rs771194919,A,C,gnomAD Exomes,PASS,NA,c.745-21T>G,,c.745-21T>G,intron_variant,lcr,16,212300,0.00007536504945831371,0,0,0,14980,0,0,1,23812,0,0,0,8370,0,0,7,16120,0,0,0,18880,0,0,7,101702,0,0,0,4936,0,0,1,23500,0,0
10,81925979,rs759727424,C,A,gnomAD Exomes,PASS,NA,c.745-26G>T,,c.745-26G>T,intron_variant,lcr,4,192124,0.000020819887156211613,0,0,0,13698,0,0,0,20722,0,0,0,7656,0,0,0,15060,0,0,0,16834,0,0,4,92550,0,0,0,4404,0,0,0,21200,0,0
10,81925980,rs937995608,A,C,gnomAD Exomes,PASS,NA,c.745-27T>G,,c.745-27T>G,intron_variant,lcr,1,193014,0.000005180971328504668,0,0,0,13764,0,0,0,20938,0,0,0,7838,0,0,0,15608,0,0,0,16706,0,0,1,92746,0,0,0,4538,0,0,0,20876,0,0
10,81925982,rs763282397,C,A,gnomAD Exomes,PASS,NA,c.745-29G>T,,c.745-29G>T,intron_variant,lcr,163,106130,0.0015358522566663525,0,0,25,7374,0,0,13,15392,0,0,14,3884,0,0,4,5342,0,0,11,8470,0,0,82,49798,0,0,6,2508,0,0,8,13362,0,0
10,81925982,rs763282397,C,CA,"gnomAD Exomes,gnomAD Genomes",PASS,PASS,c.745-30dupT,,c.745-30dupT,intron_variant,lcr,8870,131332,0.0675387567386471,5,0,1137,15066,5,0,1098,16056,0,0,456,4132,0,0,973,6818,0,0,591,9982,0,0,3427,62656,0,0,257,3260,0,0,931,13362,0,0
10,81925982,rs763282397,C,CAA,gnomAD Exomes,PASS,NA,c.745-31_745-30dupTT,,c.745-31_745-30dupTT,intron_variant,lcr,57,106130,0.0005370771695090926,0,0,7,7374,0,0,8,15392,0,0,4,3884,0,0,9,5342,0,0,2,8470,0,0,24,49798,0,0,0,2508,0,0,3,13362,0,0
10,81925982,rs763282397,C,CAAA,gnomAD Exomes,PASS,NA,c.745-32_745-30dupTTT,,c.745-32_745-30dupTTT,intron_variant,lcr,1,106130,0.00000942240648261566,0,0,0,7374,0,0,0,15392,0,0,0,3884,0,0,0,5342,0,0,0,8470,0,0,1,49798,0,0,0,2508,0,0,0,13362,0,0
10,81925982,rs763282397,CA,C,"gnomAD Exomes,gnomAD Genomes",PASS,PASS,c.745-30delT,,c.745-30delT,intron_variant,lcr,35443,131332,0.26987329820607314,1508,0,2541,15066,92,0,6358,16056,440,0,1157,4132,37,0,551,6818,3,0,2426,9982,58,0,16363,62656,553,0,903,3260,33,0,5144,13362,292,0
10,81925982,rs763282397,CAA,C,"gnomAD Exomes,gnomAD Genomes",PASS,PASS,c.745-31_745-30delTT,,c.745-31_745-30delTT,intron_variant,lcr,174,131332,0.0013248865470715438,0,0,5,15066,0,0,17,16056,0,0,4,4132,0,0,7,6818,0,0,4,9982,0,0,135,62656,0,0,0,3260,0,0,2,13362,0,0
10,81925984,rs990931809,A,C,gnomAD Genomes,NA,PASS,c.745-31T>G,,c.745-31T>G,intron_variant,lcr,1,23272,0.000042970092815400483,0,0,1,6758,0,0,0,454,0,0,0,212,0,0,0,1506,0,0,0,2448,0,0,0,11152,0,0,0,742,0,0,0,0,0,0
10,81925984,rs990931809,A,G,gnomAD Exomes,PASS,NA,c.745-31T>C,,c.745-31T>C,intron_variant,lcr,1,99872,0.000010012816404998398,0,0,0,8050,0,0,1,8736,0,0,0,3874,0,0,0,9326,0,0,0,9722,0,0,0,49014,0,0,0,2234,0,0,0,8916,0,0
10,81925985,rs114147544,A,C,"gnomAD Exomes,gnomAD Genomes",PASS,PASS,c.745-32T>G,,c.745-32T>G,intron_variant,lcr,527,240738,0.002189101845159468,5,0,457,23352,4,0,20,25874,1,0,0,8710,0,0,0,17232,0,0,20,21826,0,0,10,114244,0,0,5,5996,0,0,15,23504,0,0
10,81925986,rs772657202,A,C,gnomAD Exomes,PASS,NA,c.745-33T>G,,c.745-33T>G,intron_variant,lcr,1,219038,0.000004565417872697888,0,0,0,15020,0,0,0,27408,0,0,0,8822,0,0,0,15914,0,0,0,19130,0,0,0,102826,0,0,0,5184,0,0,1,24734,0,0
10,81925989,rs775936299,A,G,gnomAD Exomes,PASS,NA,c.745-36T>C,,c.745-36T>C,intron_variant,lcr,1,219348,0.000004558965661870634,0,0,0,14976,0,0,0,27770,0,0,0,8880,0,0,0,15920,0,0,0,19044,0,0,0,102668,0,0,0,5212,0,0,1,24878,0,0
10,81925991,rs760877238,A,G,gnomAD Genomes,NA,PASS,c.745-38T>C,,c.745-38T>C,intron_variant,lcr,2,31166,0.00006417249566835655,0,0,2,8682,0,0,0,846,0,0,0,290,0,0,0,1560,0,0,0,3444,0,0,0,15266,0,0,0,1078,0,0,0,0,0,0
10,81925991,rs760877238,A,T,gnomAD Exomes,PASS,NA,c.745-38T>A,,c.745-38T>A,intron_variant,lcr,7,218106,0.00003209448616727646,0,0,0,14826,0,0,0,27804,0,0,0,8882,0,0,7,15886,0,0,0,18830,0,0,0,101926,0,0,0,5200,0,0,0,24752,0,0
10,81925991,rs760877238,AAAC,A,"gnomAD Exomes,gnomAD Genomes",PASS,PASS,c.745-41_745-39delGTT,,c.745-41_745-39delGTT,intron_variant,lcr,5,249272,0.00002005841009018261,0,0,0,23508,0,0,0,28650,0,0,1,9172,0,0,3,17446,0,0,0,22274,0,0,1,117192,0,0,0,6278,0,0,0,24752,0,0
10,81925993,rs1161398629,A,C,gnomAD Exomes,PASS,NA,c.745-40T>G,,c.745-40T>G,intron_variant,lcr,8,215562,0.00003711229251908963,1,0,0,14600,0,0,8,27714,1,0,0,8814,0,0,0,15818,0,0,0,18352,0,0,0,100430,0,0,0,5176,0,0,0,24658,0,0
10,81925993,rs1161398629,AC,A,"gnomAD Exomes,gnomAD Genomes",PASS,PASS,c.745-41delG,,c.745-41delG,intron_variant,lcr,16,246562,0.00006489240028877118,0,0,1,23240,0,0,0,28552,0,0,0,9104,0,0,2,17378,0,0,10,21780,0,0,3,115600,0,0,0,6250,0,0,0,24658,0,0
10,81925994,rs769057528,C,A,gnomAD Exomes,PASS,NA,c.745-41G>T,,c.745-41G>T,intron_variant,lcr,13,210168,0.00006185527768261582,0,0,7,14092,0,0,0,27244,0,0,0,8644,0,0,0,15442,0,0,0,17600,0,0,6,97916,0,0,0,5028,0,0,0,24202,0,0
10,81925994,rs769057528,C,CA,gnomAD Exomes,PASS,NA,c.745-42dupT,,c.745-42dupT,intron_variant,lcr,1,210168,0.000004758098283278139,0,0,0,14092,0,0,0,27244,0,0,0,8644,0,0,1,15442,0,0,0,17600,0,0,0,97916,0,0,0,5028,0,0,0,24202,0,0
10,81925994,rs769057528,C,G,gnomAD Exomes,PASS,NA,c.745-41G>C,,c.745-41G>C,intron_variant,lcr,1,210168,0.000004758098283278139,0,0,0,14092,0,0,0,27244,0,0,0,8644,0,0,1,15442,0,0,0,17600,0,0,0,97916,0,0,0,5028,0,0,0,24202,0,0
10,81925996,rs761502421,A,C,gnomAD Exomes,PASS,NA,c.745-43T>G,,c.745-43T>G,intron_variant,lcr,1,212434,0.0000047073443987309,0,0,0,14262,0,0,0,27472,0,0,0,8744,0,0,0,15606,0,0,0,17886,0,0,0,98912,0,0,0,5104,0,0,1,24448,0,0
10,81926003,rs1188820884,T,G,gnomAD Genomes,NA,PASS,c.745-50A>C,,c.745-50A>C,intron_variant,lcr,1,31148,0.000032104790034673176,0,0,0,8678,0,0,0,844,0,0,0,288,0,0,0,1560,0,0,0,3432,0,0,1,15272,0,0,0,1074,0,0,0,0,0,0
10,81926016,rs1006575885,A,G,gnomAD Genomes,NA,PASS,c.745-63T>C,,c.745-63T>C,intron_variant,,3,31030,0.00009668063164679343,0,0,1,8670,0,0,0,838,0,0,0,288,0,0,0,1560,0,0,0,3418,0,0,2,15184,0,0,0,1072,0,0,0,0,0,0
10,81926583,rs774732485,G,C,gnomAD Genomes,NA,PASS,c.744+63C>G,,c.744+63C>G,intron_variant,,2,31384,0.0000637267397399949,0,0,0,8710,0,0,0,848,0,0,0,290,0,0,0,1558,0,0,0,3476,0,0,2,15414,0,0,0,1088,0,0,0,0,0,0
10,81926583,rs774732485,G,A,gnomAD Genomes,NA,PASS,c.744+63C>T,,c.744+63C>T,intron_variant,,1,31384,0.00003186336986999745,0,0,0,8710,0,0,0,848,0,0,0,290,0,0,1,1558,0,0,0,3476,0,0,0,15414,0,0,0,1088,0,0,0,0,0,0
10,81926585,rs1166380417,G,A,gnomAD Genomes,NA,PASS,c.744+61C>T,,c.744+61C>T,intron_variant,,1,31372,0.00003187555782226189,0,0,0,8708,0,0,0,848,0,0,0,290,0,0,0,1558,0,0,1,3476,0,0,0,15406,0,0,0,1086,0,0,0,0,0,0
10,81926586,rs1418155931,C,T,gnomAD Genomes,NA,PASS,c.744+60G>A,,c.744+60G>A,intron_variant,,1,31372,0.00003187555782226189,0,0,0,8706,0,0,0,848,0,0,0,290,0,0,1,1560,0,0,0,3476,0,0,0,15406,0,0,0,1086,0,0,0,0,0,0
10,81926603,rs759670664,C,T,gnomAD Exomes,PASS,NA,c.744+43G>A,,c.744+43G>A,intron_variant,,2,189062,0.000010578540372999334,0,0,0,11082,0,0,0,28224,0,0,0,9024,0,0,0,13512,0,0,0,13102,0,0,2,84386,0,0,0,5046,0,0,0,24686,0,0
10,81926610,rs762904093,C,T,gnomAD Exomes,PASS,NA,c.744+36G>A,,c.744+36G>A,intron_variant,,10,197396,0.000050659587833593384,0,0,0,11692,0,0,0,29242,0,0,0,9170,0,0,0,14168,0,0,0,13838,0,0,6,88870,0,0,0,5180,0,0,4,25236,0,0
10,81926611,rs766251146,GC,G,gnomAD Genomes,NA,PASS,c.744+34delG,,c.744+34delG,intron_variant,,1,31374,0.00003187352584942946,0,0,0,8714,0,0,0,848,0,0,0,290,0,0,1,1560,0,0,0,3472,0,0,0,15402,0,0,0,1088,0,0,0,0,0,0
10,81926612,rs1269004252,C,T,gnomAD Exomes,PASS,NA,c.744+34G>A,,c.744+34G>A,intron_variant,,1,200784,0.0000049804765319945815,0,0,0,11902,0,0,0,29658,0,0,0,9258,0,0,0,14434,0,0,0,14248,0,0,1,90518,0,0,0,5220,0,0,0,25546,0,0
10,81926615,rs376301025,C,G,"gnomAD Exomes,gnomAD Genomes",PASS,PASS,c.744+31G>C,,c.744+31G>C,intron_variant,,2,236488,0.000008457088731774973,0,0,2,20948,0,0,0,31042,0,0,0,9650,0,0,0,16354,0,0,0,18188,0,0,0,107968,0,0,0,6358,0,0,0,25980,0,0
10,81926615,rs376301025,C,T,gnomAD Exomes,PASS,NA,c.744+31G>A,,c.744+31G>A,intron_variant,,3,205110,0.000014626298083954952,0,0,0,12238,0,0,0,30194,0,0,2,9360,0,0,0,14794,0,0,0,14714,0,0,0,92560,0,0,1,5270,0,0,0,25980,0,0
10,81926623,rs572274654,C,T,gnomAD Exomes,PASS,NA,c.744+23G>A,,c.744+23G>A,intron_variant,,4,212952,0.000018783575641459107,0,0,0,12854,0,0,0,31142,0,0,0,9488,0,0,0,15458,0,0,0,15762,0,0,1,96166,0,0,1,5394,0,0,2,26688,0,0
10,81926624,rs1200142093,G,A,gnomAD Exomes,PASS,NA,c.744+22C>T,,c.744+22C>T,intron_variant,,1,215226,0.000004646278795312834,0,0,0,13078,0,0,0,31366,0,0,0,9530,0,0,0,15684,0,0,1,15992,0,0,0,97222,0,0,0,5460,0,0,0,26894,0,0
10,81926625,rs374640801,C,T,"gnomAD Exomes,gnomAD Genomes",PASS,PASS,c.744+21G>A,,c.744+21G>A,intron_variant,,11,247388,0.00004446456578330396,0,0,7,21818,0,0,0,32344,0,0,0,9812,0,0,1,17302,0,0,0,19592,0,0,2,112956,0,0,0,6568,0,0,1,26996,0,0
10,81926626,rs187044293,G,A,gnomAD Exomes,PASS,NA,c.744+20C>T,,c.744+20C>T,intron_variant,,9,218632,0.00004116506275385122,0,0,0,13348,0,0,2,31780,0,0,0,9580,0,0,0,16024,0,0,0,16348,0,0,3,98800,0,0,0,5524,0,0,4,27228,0,0
10,81926626,rs187044293,G,T,"gnomAD Exomes,gnomAD Genomes",PASS,PASS,c.744+20C>A,,c.744+20C>A,intron_variant,,88,249996,0.00035200563209011345,0,0,0,22060,0,0,52,32628,0,0,0,9870,0,0,0,17580,0,0,0,19816,0,0,31,114204,0,0,5,6610,0,0,0,27228,0,0
10,81926627,rs772710268,C,A,gnomAD Exomes,PASS,NA,c.744+19G>T,,c.744+19G>T,intron_variant,,9,220060,0.00004089793692629283,0,0,0,13478,0,0,0,31946,0,0,0,9592,0,0,0,16086,0,0,0,16612,0,0,9,99418,0,0,0,5558,0,0,0,27370,0,0
10,81926629,rs1462457122,C,G,gnomAD Genomes,NA,PASS,c.744+17G>C,,c.744+17G>C,intron_variant,,3,31388,0.00009557792787052377,0,0,3,8712,0,0,0,848,0,0,0,290,0,0,0,1558,0,0,0,3474,0,0,0,15420,0,0,0,1086,0,0,0,0,0,0
10,81926631,rs558065522,C,G,gnomAD Exomes,PASS,NA,c.744+15G>C,,c.744+15G>C,intron_variant,,9,223184,0.00004032547135995412,0,0,0,13786,0,0,0,32276,0,0,0,9656,0,0,0,16298,0,0,0,17164,0,0,2,100842,0,0,0,5590,0,0,7,27572,0,0
10,81926631,rs558065522,C,A,gnomAD Exomes,PASS,NA,c.744+15G>T,,c.744+15G>T,intron_variant,,9,223184,0.00004032547135995412,1,0,0,13786,0,0,0,32276,0,0,0,9656,0,0,0,16298,0,0,0,17164,0,0,0,100842,0,0,0,5590,0,0,9,27572,1,0
10,81926632,rs1320410404,A,T,gnomAD Genomes,NA,PASS,c.744+14T>A,,c.744+14T>A,intron_variant,,1,31336,0.000031912177687005363,0,0,1,8706,0,0,0,846,0,0,0,290,0,0,0,1556,0,0,0,3466,0,0,0,15388,0,0,0,1084,0,0,0,0,0,0
10,81926636,rs371827409,C,T,"gnomAD Exomes,gnomAD Genomes",PASS,PASS,c.744+10G>A,,c.744+10G>A,intron_variant,,11,257714,0.000042682974149638745,0,0,4,22778,0,0,0,33456,0,0,0,9994,0,0,0,18114,0,0,0,21028,0,0,5,117754,0,0,0,6716,0,0,2,27874,0,0
10,81926637,rs777020491,G,A,"gnomAD Exomes,gnomAD Genomes",PASS,PASS,c.744+9C>T,,c.744+9C>T,intron_variant,,22,258676,0.00008504847763225038,0,0,1,22916,0,0,3,33534,0,0,0,10020,0,0,17,18246,0,0,0,21082,0,0,0,118182,0,0,0,6742,0,0,1,27954,0,0
10,81926643,rs769390362,C,T,"gnomAD Exomes,gnomAD Genomes",PASS,PASS,c.744+3G>A,,c.744+3G>A,splice_region_variant,,8,263534,0.00003035661432680413,0,0,1,23324,0,0,0,34006,0,0,0,10092,0,0,0,18678,0,0,0,21704,0,0,5,120406,0,0,0,6848,0,0,2,28476,0,0
10,81926644,rs772725616,G,A,gnomAD Exomes,PASS,NA,c.744+2C>T,,c.744+2C>T,splice_donor_variant,"lc_lof,lof_flag",17,232972,0.00007297014233470117,0,0,0,14686,0,0,11,33226,0,0,0,9834,0,0,1,17194,0,0,0,18304,0,0,4,105366,0,0,1,5770,0,0,0,28592,0,0
10,81926651,rs147883184,C,T,gnomAD Exomes,PASS,NA,p.Gly247Ser,p.Gly247Ser,c.739G>A,missense_variant,,2,236892,0.000008442665856170744,0,0,0,15058,0,0,0,33588,0,0,0,9888,0,0,0,17522,0,0,0,18854,0,0,1,107086,0,0,1,5854,0,0,0,29042,0,0
10,81926652,rs200703403,G,A,"gnomAD Exomes,gnomAD Genomes",PASS,PASS,p.Tyr246Tyr,c.738C>T(p.=),c.738C>T,synonymous_variant,,21,268318,0.00007826534187046713,0,0,0,23758,0,0,15,34418,0,0,0,10150,0,0,0,19082,0,0,0,22366,0,0,4,122570,0,0,0,6934,0,0,2,29040,0,0
10,81926652,rs200703403,G,GT,gnomAD Exomes,PASS,NA,p.Tyr246Ter,p.Tyr246Ter,c.737dupA,stop_gained,,1,236942,0.000004220442133517907,0,0,0,15046,0,0,1,33570,0,0,0,9862,0,0,0,17526,0,0,0,18892,0,0,0,107158,0,0,0,5848,0,0,0,29040,0,0
10,81926657,rs1384337018,C,T,gnomAD Exomes,PASS,NA,p.Ala245Thr,p.Ala245Thr,c.733G>A,missense_variant,,1,239054,0.000004183155270357325,0,0,0,15224,0,0,1,33740,0,0,0,9924,0,0,0,17734,0,0,0,19254,0,0,0,108078,0,0,0,5896,0,0,0,29204,0,0
10,81926657,rs1384337018,C,A,gnomAD Exomes,PASS,NA,p.Ala245Ser,p.Ala245Ser,c.733G>T,missense_variant,,1,239054,0.000004183155270357325,0,0,0,15224,0,0,0,33740,0,0,0,9924,0,0,0,17734,0,0,0,19254,0,0,1,108078,0,0,0,5896,0,0,0,29204,0,0
10,81926658,rs201680859,C,T,gnomAD Exomes,PASS,NA,p.Thr244Thr,c.732G>A(p.=),c.732G>A,synonymous_variant,,2,240008,0.000008333055564814507,0,0,0,15312,0,0,1,33850,0,0,0,9926,0,0,0,17814,0,0,0,19368,0,0,0,108538,0,0,0,5904,0,0,1,29296,0,0
10,81926658,rs201680859,C,A,gnomAD Exomes,PASS,NA,p.Thr244Thr,c.732G>T(p.=),c.732G>T,synonymous_variant,,6,240008,0.00002499916669444352,0,0,0,15312,0,0,0,33850,0,0,0,9926,0,0,0,17814,0,0,0,19368,0,0,0,108538,0,0,0,5904,0,0,6,29296,0,0
10,81926659,rs41310298,G,A,"gnomAD Exomes,gnomAD Genomes",PASS,PASS,p.Thr244Met,p.Thr244Met,c.731C>T,missense_variant,,561,271714,0.002064670940768602,3,0,15,24082,0,0,54,34712,0,0,3,10222,0,0,1,19402,0,0,15,22866,0,0,450,124122,3,0,19,6984,0,0,4,29324,0,0
10,81926664,rs1224697660,G,A,gnomAD Exomes,PASS,NA,p.Phe242Phe,c.726C>T(p.=),c.726C>T,synonymous_variant,,1,241502,0.0000041407524575365835,0,0,0,15444,0,0,0,33972,0,0,0,9960,0,0,0,17892,0,0,1,19636,0,0,0,109182,0,0,0,5936,0,0,0,29480,0,0
10,81926665,rs1285218916,AAGGAAAGT,A,gnomAD Exomes,PASS,NA,p.Leu240GlnfsTer15,p.Leu240GlnfsTer15,c.717_724delACTTTCCT,frameshift_variant,,1,241746,0.000004136573097383204,0,0,0,15454,0,0,0,33978,0,0,0,9966,0,0,0,17932,0,0,0,19662,0,0,0,109300,0,0,0,5936,0,0,1,29518,0,0
10,81926677,rs757566050,A,T,gnomAD Exomes,PASS,NA,p.Ile238Asn,p.Ile238Asn,c.713T>A,missense_variant,,7,242778,0.000028832925553386223,0,0,0,15530,0,0,7,34036,0,0,0,9978,0,0,0,17996,0,0,0,19868,0,0,0,109802,0,0,0,5960,0,0,0,29608,0,0
10,81926687,rs750665318,G,A,gnomAD Exomes,PASS,NA,p.Arg235Trp,p.Arg235Trp,c.703C>T,missense_variant,,4,242336,0.00001650600818698006,0,0,0,15530,0,0,0,33976,0,0,0,9954,0,0,0,17934,0,0,0,19770,0,0,3,109654,0,0,0,5950,0,0,1,29568,0,0
10,81926692,rs758605907,T,C,gnomAD Exomes,PASS,NA,p.Lys233Arg,p.Lys233Arg,c.698A>G,missense_variant,,2,242738,0.00000823933623907258,0,0,0,15556,0,0,0,34000,0,0,0,9966,0,0,2,17974,0,0,0,19900,0,0,0,109840,0,0,0,5948,0,0,0,29554,0,0
10,81926698,rs1200125589,G,C,gnomAD Exomes,PASS,NA,p.Ser231Cys,p.Ser231Cys,c.692C>G,missense_variant,,1,242560,0.000004122691292875989,0,0,0,15542,0,0,0,33974,0,0,0,9966,0,0,0,17942,0,0,0,19864,0,0,0,109752,0,0,1,5962,0,0,0,29558,0,0
10,81926702,rs1049550,G,A,"gnomAD Exomes,gnomAD Genomes",PASS,PASS,p.Arg230Cys,p.Arg230Cys,c.688C>T,missense_variant,,112062,270472,0.41432015143896594,24349,0,4823,23984,505,0,15420,34376,3447,0,3833,10214,715,0,12851,19228,4326,0,10240,22914,2225,0,51405,123454,10536,0,2962,6980,633,0,10528,29322,1962,0
10,81926702,rs1049550,G,C,gnomAD Exomes,PASS,NA,p.Arg230Gly,p.Arg230Gly,c.688C>G,missense_variant,,1,239214,0.000004180357336945162,0,0,0,15314,0,0,0,33528,0,0,0,9924,0,0,0,17682,0,0,0,19452,0,0,1,108096,0,0,0,5896,0,0,0,29322,0,0
10,81926705,rs1455029856,T,C,gnomAD Exomes,PASS,NA,p.Ser229Gly,p.Ser229Gly,c.685A>G,missense_variant,,1,240608,0.000004156137784279825,0,0,0,15358,0,0,0,33808,0,0,1,9922,0,0,0,17866,0,0,0,19600,0,0,0,108862,0,0,0,5922,0,0,0,29270,0,0
10,81926709,rs748458465,C,T,gnomAD Exomes,PASS,NA,p.Leu227Leu,c.681G>A(p.=),c.681G>A,synonymous_variant,,2,239992,0.00000833361112037068,0,0,0,15338,0,0,0,33736,0,0,0,9908,0,0,0,17794,0,0,0,19522,0,0,2,108576,0,0,0,5922,0,0,0,29196,0,0
10,81926712,rs527921370,GCAGT,G,gnomAD Exomes,PASS,NA,p.Asp225AlafsTer25,p.Asp225AlafsTer25,c.674_677delACTG,frameshift_variant,,1,238964,0.00000418473075442326,0,0,0,15226,0,0,0,33644,0,0,0,9890,0,0,0,17714,0,0,0,19414,0,0,0,108094,0,0,0,5910,0,0,1,29072,0,0
10,81926712,rs527921370,G,A,gnomAD Exomes,PASS,NA,p.Cys226Cys,c.678C>T(p.=),c.678C>T,synonymous_variant,,4,238964,0.00001673892301769304,0,0,0,15226,0,0,0,33644,0,0,1,9890,0,0,0,17714,0,0,0,19414,0,0,0,108094,0,0,0,5910,0,0,3,29072,0,0
10,81926714,rs147839760,A,T,gnomAD Exomes,PASS,NA,p.Cys226Ser,p.Cys226Ser,c.676T>A,missense_variant,,1,238562,0.000004191782429724768,0,0,1,15208,0,0,0,33570,0,0,0,9888,0,0,0,17700,0,0,0,19450,0,0,0,107840,0,0,0,5890,0,0,0,29016,0,0
10,81926716,rs1305559152,T,A,gnomAD Exomes,PASS,NA,p.Asp225Val,p.Asp225Val,c.674A>T,missense_variant,,1,237792,0.000004205355941326874,0,0,0,15116,0,0,0,33530,0,0,0,9874,0,0,0,17618,0,0,0,19338,0,0,1,107492,0,0,0,5874,0,0,0,28950,0,0
10,81926717,rs1365558415,C,T,gnomAD Exomes,PASS,NA,p.Asp225Asn,p.Asp225Asn,c.673G>A,missense_variant,,1,236858,0.000004221938883212726,0,0,0,14996,0,0,0,33454,0,0,0,9844,0,0,0,17496,0,0,0,19234,0,0,1,107138,0,0,0,5858,0,0,0,28838,0,0
10,81926718,rs2228427,A,G,"gnomAD Exomes,gnomAD Genomes",PASS,PASS,p.Ile224Ile,c.672T>C(p.=),c.672T>C,synonymous_variant,,37946,267092,0.14207089691941355,3358,0,1151,23692,33,0,8818,33982,1195,0,1225,10126,84,0,270,19044,4,0,2283,22596,110,0,16656,121904,1072,0,1042,6928,92,0,6501,28820,768,0
10,81926719,rs770398776,A,G,gnomAD Exomes,PASS,NA,p.Ile224Thr,p.Ile224Thr,c.671T>C,missense_variant,,2,235838,0.000008480397561037661,0,0,2,14942,0,0,0,33290,0,0,0,9826,0,0,0,17484,0,0,0,19144,0,0,0,106632,0,0,0,5832,0,0,0,28688,0,0
10,81926720,rs146991024,T,C,"gnomAD Exomes,gnomAD Genomes",PASS,PASS,p.Ile224Val,p.Ile224Val,c.670A>G,missense_variant,,9,266470,0.000033774908995384096,0,0,7,23590,0,0,2,34050,0,0,0,10108,0,0,0,18996,0,0,0,22528,0,0,0,121696,0,0,0,6904,0,0,0,28598,0,0
10,81926731,rs767429947,T,C,gnomAD Exomes,PASS,NA,p.Glu220Gly,p.Glu220Gly,c.659A>G,missense_variant,,1,227516,0.000004395295275936637,0,0,0,14288,0,0,0,32236,0,0,0,9688,0,0,0,16842,0,0,0,18366,0,0,1,102674,0,0,0,5664,0,0,0,27758,0,0
10,81926731,rs767429947,T,G,"gnomAD Exomes,gnomAD Genomes",PASS,PASS,p.Glu220Ala,p.Glu220Ala,c.659A>C,missense_variant,,3,258900,0.000011587485515643105,0,0,3,22998,0,0,0,33082,0,0,0,9978,0,0,0,18402,0,0,0,21840,0,0,0,118094,0,0,0,6748,0,0,0,27758,0,0
10,81926736,rs200066001,C,T,"gnomAD Exomes,gnomAD Genomes",PASS,PASS,p.Thr218Thr,c.654G>A(p.=),c.654G>A,synonymous_variant,,13,254530,0.00005107452952500688,0,0,1,22620,0,0,0,32562,0,0,0,9890,0,0,0,18026,0,0,1,21404,0,0,6,115976,0,0,1,6682,0,0,4,27370,0,0
10,81926737,rs763964010,G,A,gnomAD Exomes,PASS,NA,p.Thr218Met,p.Thr218Met,c.653C>T,missense_variant,,4,221598,0.000018050704428740333,0,0,1,13750,0,0,1,31506,0,0,0,9580,0,0,1,16390,0,0,0,17770,0,0,1,99810,0,0,0,5576,0,0,0,27216,0,0
10,81926740,rs201218609,C,T,gnomAD Exomes,PASS,NA,p.Gly217Glu,p.Gly217Glu,c.650G>A,missense_variant,,7,220984,0.0000316765014661695,0,0,0,13728,0,0,0,31400,0,0,6,9560,0,0,0,16298,0,0,0,17778,0,0,1,99486,0,0,0,5580,0,0,0,27154,0,0
10,81926744,rs1250656161,G,A,gnomAD Exomes,PASS,NA,c.650-4C>T,,c.650-4C>T,splice_region_variant,,3,218214,0.00001374797217410432,0,0,0,13474,0,0,0,31072,0,0,0,9514,0,0,0,16086,0,0,0,17528,0,0,3,98094,0,0,0,5528,0,0,0,26918,0,0
10,81926744,rs1250656161,G,C,gnomAD Exomes,PASS,NA,c.650-4C>G,,c.650-4C>G,splice_region_variant,,1,218214,0.0000045826573913681064,0,0,0,13474,0,0,0,31072,0,0,0,9514,0,0,0,16086,0,0,0,17528,0,0,1,98094,0,0,0,5528,0,0,0,26918,0,0
10,81926747,rs766398737,G,A,gnomAD Exomes,PASS,NA,c.650-7C>T,,c.650-7C>T,splice_region_variant,,1,215146,0.000004648006470025006,0,0,0,13246,0,0,0,30680,0,0,0,9416,0,0,0,15850,0,0,0,17334,0,0,0,96456,0,0,0,5480,0,0,1,26684,0,0
10,81926750,rs34332933,G,C,"gnomAD Exomes,gnomAD Genomes",PASS,PASS,c.650-10C>G,,c.650-10C>G,intron_variant,,34216,241600,0.14162251655629138,2972,0,1047,21522,30,0,7933,30988,1066,0,1167,9624,77,0,231,17012,4,0,2051,20296,97,0,14925,109282,929,0,973,6490,84,0,5889,26386,685,0
10,81926752,rs781678314,G,A,gnomAD Exomes,PASS,NA,c.650-12C>T,,c.650-12C>T,intron_variant,,3,206920,0.000014498356852890005,0,0,0,12566,0,0,0,29720,0,0,0,9266,0,0,1,15214,0,0,0,16582,0,0,0,92246,0,0,0,5334,0,0,2,25992,0,0
10,81926759,rs748654787,G,C,"gnomAD Exomes,gnomAD Genomes",PASS,PASS,c.650-19C>G,,c.650-19C>G,intron_variant,,2,223930,0.000008931362479346224,0,0,0,20184,0,0,0,28828,0,0,0,9312,0,0,0,15556,0,0,0,18986,0,0,2,99894,0,0,0,6154,0,0,0,25016,0,0
10,81926760,rs756529800,G,A,gnomAD Exomes,PASS,NA,c.650-20C>T,,c.650-20C>T,intron_variant,,3,190502,0.00001574786616413476,0,0,0,11382,0,0,0,27766,0,0,0,8994,0,0,0,13860,0,0,0,15296,0,0,2,83310,0,0,0,5048,0,0,1,24846,0,0
10,81926762,rs1298766387,G,C,gnomAD Exomes,PASS,NA,c.650-22C>G,,c.650-22C>G,intron_variant,,2,191206,0.000010459922805769693,0,0,0,11474,0,0,0,27824,0,0,0,8996,0,0,0,13928,0,0,0,15296,0,0,2,83706,0,0,0,5070,0,0,0,24912,0,0
10,81926766,rs372151719,G,C,gnomAD Exomes,PASS,NA,c.650-26C>G,,c.650-26C>G,intron_variant,,1,184088,0.000005432184607361697,0,0,0,11012,0,0,0,27054,0,0,0,8874,0,0,0,13338,0,0,0,14656,0,0,1,79672,0,0,0,4964,0,0,0,24518,0,0
10,81926768,rs1035899313,C,T,gnomAD Genomes,NA,PASS,c.650-28G>A,,c.650-28G>A,intron_variant,,1,31358,0.000031889788889597554,0,0,0,8700,0,0,0,848,0,0,0,290,0,0,0,1558,0,0,0,3474,0,0,1,15400,0,0,0,1088,0,0,0,0,0,0
10,81926769,rs748981818,G,A,gnomAD Genomes,NA,PASS,c.650-29C>T,,c.650-29C>T,intron_variant,,1,31376,0.00003187149413564508,0,0,1,8704,0,0,0,846,0,0,0,290,0,0,0,1558,0,0,0,3476,0,0,0,15414,0,0,0,1088,0,0,0,0,0,0
10,81926770,rs1375864617,G,A,gnomAD Exomes,PASS,NA,c.650-30C>T,,c.650-30C>T,intron_variant,,1,180262,0.000005547480888928338,0,0,1,10700,0,0,0,26756,0,0,0,8800,0,0,0,13026,0,0,0,14378,0,0,0,77448,0,0,0,4894,0,0,0,24260,0,0
10,81926772,rs770579575,T,C,gnomAD Genomes,NA,PASS,c.650-32A>G,,c.650-32A>G,intron_variant,,1,31338,0.00003191014104282341,0,0,1,8698,0,0,0,848,0,0,0,290,0,0,0,1554,0,0,0,3472,0,0,0,15388,0,0,0,1088,0,0,0,0,0,0
10,81926775,rs894719094,G,C,gnomAD Genomes,NA,PASS,c.650-35C>G,,c.650-35C>G,intron_variant,,2,31372,0.00006375111564452378,0,0,0,8708,0,0,0,848,0,0,0,290,0,0,0,1558,0,0,0,3476,0,0,2,15404,0,0,0,1088,0,0,0,0,0,0
10,81926778,rs773745935,T,A,gnomAD Exomes,PASS,NA,c.650-38A>T,,c.650-38A>T,intron_variant,,2,171708,0.000011647680946723508,1,0,2,10068,1,0,0,26072,0,0,0,8640,0,0,0,12428,0,0,0,13650,0,0,0,72314,0,0,0,4776,0,0,0,23760,0,0
10,81926781,rs745308465,T,C,gnomAD Exomes,PASS,NA,c.650-41A>G,,c.650-41A>G,intron_variant,,1,168454,0.000005936338703741081,0,0,0,9844,0,0,0,25712,0,0,0,8572,0,0,0,12266,0,0,0,13522,0,0,0,70278,0,0,0,4690,0,0,1,23570,0,0
10,81926791,rs1159079218,T,C,gnomAD Genomes,NA,PASS,c.650-51A>G,,c.650-51A>G,intron_variant,,1,31366,0.00003188165529554294,0,0,0,8700,0,0,0,848,0,0,0,290,0,0,0,1556,0,0,0,3476,0,0,1,15410,0,0,0,1086,0,0,0,0,0,0
10,81926802,rs41314495,C,T,gnomAD Genomes,NA,PASS,c.650-62G>A,,c.650-62G>A,intron_variant,,136,31372,0.004335075863827617,0,0,8,8702,0,0,2,848,0,0,0,290,0,0,0,1560,0,0,37,3474,0,0,85,15412,0,0,4,1086,0,0,0,0,0,0
10,81926915,rs1213024788,G,A,gnomAD Genomes,NA,PASS,c.649+67C>T,,c.649+67C>T,intron_variant,,1,31390,0.00003185727938834024,0,0,0,8710,0,0,0,846,0,0,0,290,0,0,0,1560,0,0,0,3476,0,0,1,15420,0,0,0,1088,0,0,0,0,0,0
10,81926919,rs912420618,C,T,gnomAD Genomes,NA,PASS,c.649+63G>A,,c.649+63G>A,intron_variant,,3,31392,0.00009556574923547401,0,0,3,8704,0,0,0,846,0,0,0,290,0,0,0,1560,0,0,0,3476,0,0,0,15428,0,0,0,1088,0,0,0,0,0,0
10,81926928,rs942596616,T,C,gnomAD Genomes,NA,PASS,c.649+54A>G,,c.649+54A>G,intron_variant,,1,31398,0.000031849162367029746,0,0,0,8706,0,0,0,848,0,0,0,290,0,0,0,1560,0,0,0,3474,0,0,1,15432,0,0,0,1088,0,0,0,0,0,0
10,81926937,rs1237128971,A,G,gnomAD Exomes,PASS,NA,c.649+45T>C,,c.649+45T>C,intron_variant,,1,249530,0.00000400753416422875,0,0,0,16072,0,0,0,34372,0,0,0,9978,0,0,1,18328,0,0,0,21470,0,0,0,112782,0,0,0,6078,0,0,0,30450,0,0
10,81926939,rs1444868243,T,C,gnomAD Exomes,PASS,NA,c.649+43A>G,,c.649+43A>G,intron_variant,,1,249802,0.000004003170511044747,0,0,0,16104,0,0,0,34402,0,0,0,9986,0,0,1,18340,0,0,0,21498,0,0,0,112906,0,0,0,6072,0,0,0,30494,0,0
10,81926940,rs1326549767,AG,A,gnomAD Exomes,PASS,NA,c.649+41delC,,c.649+41delC,intron_variant,,1,249718,0.00000400451709528348,0,0,0,16100,0,0,0,34402,0,0,0,9982,0,0,0,18342,0,0,0,21492,0,0,1,112862,0,0,0,6086,0,0,0,30452,0,0
10,81926942,rs377057609,G,A,"gnomAD Exomes,gnomAD Genomes",PASS,PASS,c.649+40C>T,,c.649+40C>T,intron_variant,,19,281466,0.00006750371270419872,0,0,0,24850,0,0,0,35274,0,0,0,10286,0,0,0,19920,0,0,0,25000,0,0,19,128464,0,0,0,7178,0,0,0,30494,0,0
10,81926942,rs377057609,G,C,gnomAD Exomes,PASS,NA,c.649+40C>G,,c.649+40C>G,intron_variant,,1,250078,0.000003998752389254553,0,0,0,16142,0,0,1,34426,0,0,0,9996,0,0,0,18362,0,0,0,21524,0,0,0,113044,0,0,0,6090,0,0,0,30494,0,0
10,81926943,rs369733827,G,A,gnomAD Exomes,PASS,NA,c.649+39C>T,,c.649+39C>T,intron_variant,,1,250262,0.000003995812388616729,0,0,1,16156,0,0,0,34444,0,0,0,10020,0,0,0,18356,0,0,0,21538,0,0,0,113130,0,0,0,6102,0,0,0,30516,0,0
10,81926943,rs369733827,G,C,"gnomAD Exomes,gnomAD Genomes",PASS,PASS,c.649+39C>G,,c.649+39C>G,intron_variant,,8,281636,0.000028405459529321536,0,0,7,24860,0,0,0,35292,0,0,0,10310,0,0,0,19914,0,0,0,25014,0,0,1,128540,0,0,0,7190,0,0,0,30516,0,0
10,81926945,rs768608906,G,A,gnomAD Exomes,PASS,NA,c.649+37C>T,,c.649+37C>T,intron_variant,,4,250328,0.000015979035505416892,0,0,0,16156,0,0,0,34466,0,0,0,10022,0,0,0,18372,0,0,0,21538,0,0,4,113152,0,0,0,6104,0,0,0,30518,0,0
10,81926949,rs1356353532,G,A,gnomAD Exomes,PASS,NA,c.649+33C>T,,c.649+33C>T,intron_variant,,2,250750,0.000007976071784646062,0,0,0,16212,0,0,2,34494,0,0,0,10040,0,0,0,18376,0,0,0,21566,0,0,0,113396,0,0,0,6108,0,0,0,30558,0,0
10,81926950,rs776525181,G,A,gnomAD Exomes,PASS,NA,c.649+32C>T,,c.649+32C>T,intron_variant,,1,250826,0.000003986827521867749,0,0,0,16204,0,0,0,34512,0,0,0,10052,0,0,0,18374,0,0,0,21580,0,0,1,113432,0,0,0,6108,0,0,0,30564,0,0
10,81926951,rs1319444119,A,T,"gnomAD Exomes,gnomAD Genomes",PASS,PASS,c.649+31T>A,,c.649+31T>A,intron_variant,,2,282268,0.000007085464877350603,0,0,0,24930,0,0,0,35362,0,0,1,10336,0,0,0,19936,0,0,0,25068,0,0,1,128880,0,0,0,7194,0,0,0,30562,0,0
10,81926953,rs763108239,T,A,"gnomAD Exomes,gnomAD Genomes",PASS,PASS,c.649+29A>T,,c.649+29A>T,intron_variant,,3,282252,0.000010628799795927045,0,0,0,24912,0,0,0,35364,0,0,0,10340,0,0,0,19934,0,0,0,25068,0,0,3,128868,0,0,0,7194,0,0,0,30572,0,0
10,81926960,rs199810762,T,C,"gnomAD Exomes,gnomAD Genomes",PASS,PASS,c.649+22A>G,,c.649+22A>G,intron_variant,,444,282554,0.0015713810457470077,3,0,0,24944,0,0,0,35386,0,0,0,10354,0,0,0,19950,0,0,290,25100,1,0,128,129002,1,0,26,7214,1,0,0,30604,0,0
10,81926961,rs751599574,G,C,gnomAD Exomes,PASS,NA,c.649+21C>G,,c.649+21C>G,intron_variant,,1,251152,0.000003981652545072307,0,0,0,16240,0,0,0,34538,0,0,0,10060,0,0,0,18390,0,0,0,21626,0,0,1,113568,0,0,0,6124,0,0,0,30606,0,0
10,81926961,rs751599574,G,T,"gnomAD Exomes,gnomAD Genomes",PASS,PASS,c.649+21C>A,,c.649+21C>A,intron_variant,,5,282538,0.000017696734598531877,0,0,4,24948,0,0,0,35386,0,0,0,10350,0,0,0,19950,0,0,0,25100,0,0,1,128986,0,0,0,7212,0,0,0,30606,0,0
10,81926964,rs565762976,C,A,gnomAD Exomes,PASS,NA,c.649+18G>T,,c.649+18G>T,intron_variant,,2,251104,0.000007964827322543647,0,0,0,16222,0,0,0,34532,0,0,0,10058,0,0,2,18390,0,0,0,21624,0,0,0,113554,0,0,0,6130,0,0,0,30594,0,0
10,81926971,rs767571964,G,T,gnomAD Exomes,PASS,NA,c.649+11C>A,,c.649+11C>A,intron_variant,,4,251286,0.000015918117205096982,0,0,0,16244,0,0,3,34554,0,0,0,10062,0,0,0,18394,0,0,0,21630,0,0,1,113660,0,0,0,6132,0,0,0,30610,0,0
10,81926976,rs1227643792,T,G,gnomAD Exomes,PASS,NA,c.649+6A>C,,c.649+6A>C,splice_region_variant,,1,251350,0.000003978516013526954,0,0,0,16248,0,0,0,34564,0,0,0,10062,0,0,0,18392,0,0,0,21642,0,0,0,113694,0,0,0,6134,0,0,1,30614,0,0
10,81926981,rs753252889,C,T,gnomAD Exomes,PASS,NA,c.649+1G>A,,c.649+1G>A,splice_donor_variant,,1,251362,0.000003978326079518781,0,0,1,16248,0,0,0,34568,0,0,0,10064,0,0,0,18394,0,0,0,21646,0,0,0,113696,0,0,0,6130,0,0,0,30616,0,0
10,81926982,rs756583251,C,T,gnomAD Exomes,PASS,NA,p.Gly217Arg,p.Gly217Arg,c.649G>A,missense_variant,,5,251334,0.000019893846435420595,0,0,0,16248,0,0,0,34568,0,0,0,10060,0,0,2,18392,0,0,0,21644,0,0,1,113676,0,0,0,6132,0,0,2,30614,0,0
10,81926982,rs756583251,C,A,gnomAD Exomes,PASS,NA,p.Gly217Trp,p.Gly217Trp,c.649G>T,missense_variant,"lc_lof,os_lof",1,251334,0.000003978769287084119,0,0,0,16248,0,0,0,34568,0,0,0,10060,0,0,1,18392,0,0,0,21644,0,0,0,113676,0,0,0,6132,0,0,0,30614,0,0
10,81926983,rs754142790,G,A,gnomAD Exomes,PASS,NA,c.648C>T,c.648C>T(p.=),c.648C>T,splice_region_variant,,6,251362,0.00002386995647711269,0,0,0,16246,0,0,0,34572,0,0,0,10064,0,0,1,18392,0,0,0,21640,0,0,3,113702,0,0,1,6132,0,0,1,30614,0,0
10,81926983,rs754142790,G,GAA,gnomAD Exomes,PASS,NA,p.Gly217SerfsTer35,p.Gly217SerfsTer35,c.646_647dupTT,frameshift_variant,,1,251362,0.000003978326079518781,0,0,0,16246,0,0,1,34572,0,0,0,10064,0,0,0,18392,0,0,0,21640,0,0,0,113702,0,0,0,6132,0,0,0,30614,0,0
10,81926987,rs758009574,C,T,gnomAD Exomes,PASS,NA,p.Gly215Asp,p.Gly215Asp,c.644G>A,missense_variant,,2,251382,0.00000795601912626998,0,0,0,16252,0,0,0,34574,0,0,0,10064,0,0,0,18394,0,0,0,21644,0,0,0,113704,0,0,0,6134,0,0,2,30616,0,0
10,81926993,rs778692682,A,C,gnomAD Exomes,PASS,NA,p.Met213Arg,p.Met213Arg,c.638T>G,missense_variant,,1,251412,0.000003977534882980924,0,0,0,16252,0,0,0,34578,0,0,0,10072,0,0,0,18394,0,0,0,21644,0,0,0,113726,0,0,0,6130,0,0,1,30616,0,0
10,81926999,rs745489823,T,C,gnomAD Exomes,PASS,NA,p.Lys211Arg,p.Lys211Arg,c.632A>G,missense_variant,,1,251418,0.0000039774399605437955,0,0,0,16252,0,0,0,34576,0,0,1,10076,0,0,0,18394,0,0,0,21646,0,0,0,113728,0,0,0,6130,0,0,0,30616,0,0
10,81927001,rs771660812,C,T,gnomAD Exomes,PASS,NA,p.Arg210Arg,c.630G>A(p.=),c.630G>A,synonymous_variant,,1,251430,0.000003977250129260629,0,0,1,16252,0,0,0,34574,0,0,0,10078,0,0,0,18394,0,0,0,21646,0,0,0,113740,0,0,0,6130,0,0,0,30616,0,0
10,81927002,rs147610631,C,G,gnomAD Exomes,PASS,NA,p.Arg210Pro,p.Arg210Pro,c.629G>C,missense_variant,,2,251426,0.000007954626808683271,1,0,0,16252,0,0,0,34574,0,0,0,10078,0,0,0,18394,0,0,0,21648,0,0,0,113734,0,0,0,6130,0,0,2,30616,1,0
10,81927002,rs147610631,C,T,"gnomAD Exomes,gnomAD Genomes",PASS,PASS,p.Arg210Gln,p.Arg210Gln,c.629G>A,missense_variant,,300,282804,0.0010608053634319175,0,0,23,24954,0,0,103,35422,0,0,0,10368,0,0,1,19954,0,0,6,25124,0,0,130,129150,0,0,18,7216,0,0,19,30616,0,0
10,81927003,rs768664021,G,A,gnomAD Exomes,PASS,NA,p.Arg210Trp,p.Arg210Trp,c.628C>T,missense_variant,,6,251422,0.000023864260088615952,0,0,0,16252,0,0,3,34576,0,0,0,10078,0,0,0,18394,0,0,0,21644,0,0,1,113730,0,0,0,6132,0,0,2,30616,0,0
10,81927009,rs776582676,C,T,gnomAD Exomes,PASS,NA,p.Val208Ile,p.Val208Ile,c.622G>A,missense_variant,,1,251432,0.000003977218492475103,0,0,0,16254,0,0,0,34570,0,0,0,10078,0,0,0,18394,0,0,0,21644,0,0,1,113740,0,0,0,6136,0,0,0,30616,0,0
10,81927009,rs776582676,C,G,gnomAD Exomes,PASS,NA,p.Val208Leu,p.Val208Leu,c.622G>C,missense_variant,,3,251432,0.000011931655477425308,0,0,0,16254,0,0,0,34570,0,0,0,10078,0,0,3,18394,0,0,0,21644,0,0,0,113740,0,0,0,6136,0,0,0,30616,0,0
10,81927012,rs761602855,C,T,gnomAD Exomes,PASS,NA,p.Glu207Lys,p.Glu207Lys,c.619G>A,missense_variant,,3,251428,0.000011931845299648408,0,0,0,16254,0,0,0,34572,0,0,0,10076,0,0,3,18394,0,0,0,21648,0,0,0,113740,0,0,0,6128,0,0,0,30616,0,0
10,81927013,rs111286624,G,A,"gnomAD Exomes,gnomAD Genomes",PASS,PASS,p.Ala206Ala,c.618C>T(p.=),c.618C>T,synonymous_variant,,67,282802,0.00023691487330358344,0,0,61,24960,0,0,3,35418,0,0,0,10368,0,0,0,19954,0,0,0,25120,0,0,1,129148,0,0,0,7218,0,0,2,30616,0,0
10,81927017,rs1286527897,T,C,gnomAD Genomes,NA,PASS,p.Asp205Gly,p.Asp205Gly,c.614A>G,missense_variant,,1,31396,0.00003185119123455217,0,0,1,8712,0,0,0,848,0,0,0,290,0,0,0,1560,0,0,0,3476,0,0,0,15422,0,0,0,1088,0,0,0,0,0,0
10,81927020,rs774692852,C,T,gnomAD Exomes,PASS,NA,p.Arg204Gln,p.Arg204Gln,c.611G>A,missense_variant,,1,251428,0.00000397728176654947,0,0,0,16252,0,0,0,34574,0,0,0,10078,0,0,0,18394,0,0,0,21646,0,0,1,113732,0,0,0,6136,0,0,0,30616,0,0
10,81927021,rs759659694,G,A,gnomAD Exomes,PASS,NA,p.Arg204Ter,p.Arg204Ter,c.610C>T,stop_gained,,10,251424,0.000039773450426371386,0,0,0,16254,0,0,7,34576,0,0,0,10078,0,0,0,18392,0,0,0,21638,0,0,2,113734,0,0,0,6138,0,0,1,30614,0,0
10,81927021,rs759659694,G,T,gnomAD Exomes,PASS,NA,p.Arg204Arg,c.610C>A(p.=),c.610C>A,synonymous_variant,,1,251424,0.000003977345042637139,0,0,0,16254,0,0,0,34576,0,0,0,10078,0,0,0,18392,0,0,0,21638,0,0,1,113734,0,0,0,6138,0,0,0,30614,0,0
10,81927025,rs377252419,G,A,gnomAD Exomes,PASS,NA,p.Pro202Pro,c.606C>T(p.=),c.606C>T,synonymous_variant,,3,251422,0.000011932130044307976,0,0,0,16254,0,0,0,34574,0,0,0,10078,0,0,0,18394,0,0,0,21642,0,0,0,113730,0,0,0,6136,0,0,3,30614,0,0
10,81927025,rs377252419,G,C,"gnomAD Exomes,gnomAD Genomes",PASS,PASS,p.Pro202Pro,c.606C>G(p.=),c.606C>G,synonymous_variant,,5,282814,0.000017679464241515626,0,0,0,24960,0,0,0,35422,0,0,0,10368,0,0,0,19954,0,0,0,25116,0,0,5,129156,0,0,0,7224,0,0,0,30614,0,0
10,81927025,rs377252419,G,T,gnomAD Genomes,NA,PASS,p.Pro202Pro,c.606C>A(p.=),c.606C>A,synonymous_variant,,1,31392,0.000031855249745158005,0,0,1,8706,0,0,0,848,0,0,0,290,0,0,0,1560,0,0,0,3474,0,0,0,15426,0,0,0,1088,0,0,0,0,0,0
10,81927026,rs1043266682,G,T,gnomAD Exomes,PASS,NA,p.Pro202His,p.Pro202His,c.605C>A,missense_variant,,1,251426,0.0000039773134043416354,0,0,0,16254,0,0,0,34574,0,0,0,10076,0,0,0,18392,0,0,0,21644,0,0,1,113732,0,0,0,6138,0,0,0,30616,0,0
10,81927028,rs1357198919,G,T,gnomAD Exomes,PASS,NA,p.Asp201Glu,p.Asp201Glu,c.603C>A,missense_variant,,1,251424,0.000003977345042637139,0,0,0,16254,0,0,0,34574,0,0,0,10076,0,0,1,18394,0,0,0,21646,0,0,0,113726,0,0,0,6138,0,0,0,30616,0,0
10,81927036,rs200982603,C,T,"gnomAD Exomes,gnomAD Genomes",PASS,PASS,p.Gly199Ser,p.Gly199Ser,c.595G>A,missense_variant,,5,282812,0.00001767958926778213,0,0,0,24960,0,0,2,35426,0,0,0,10366,0,0,0,19952,0,0,0,25120,0,0,1,129152,0,0,2,7220,0,0,0,30616,0,0
10,81927037,rs754293239,G,A,"gnomAD Exomes,gnomAD Genomes",PASS,PASS,p.Pro198Pro,c.594C>T(p.=),c.594C>T,synonymous_variant,,26,282802,0.00009193711501333089,0,0,9,24960,0,0,1,35424,0,0,0,10368,0,0,0,19952,0,0,10,25120,0,0,5,129146,0,0,0,7218,0,0,1,30614,0,0
10,81927041,rs757694153,G,T,gnomAD Exomes,PASS,NA,p.Ala197Asp,p.Ala197Asp,c.590C>A,missense_variant,,2,251412,0.000007955069765961848,0,0,0,16252,0,0,0,34580,0,0,0,10080,0,0,0,18394,0,0,0,21640,0,0,2,113718,0,0,0,6132,0,0,0,30616,0,0
10,81927046,rs1216742862,A,G,gnomAD Exomes,PASS,NA,p.Thr195Thr,c.585T>C(p.=),c.585T>C,synonymous_variant,,1,251402,0.000003977693097111399,0,0,1,16250,0,0,0,34580,0,0,0,10078,0,0,0,18392,0,0,0,21646,0,0,0,113704,0,0,0,6136,0,0,0,30616,0,0
10,81927047,rs368892464,G,A,gnomAD Exomes,PASS,NA,p.Thr195Ile,p.Thr195Ile,c.584C>T,missense_variant,,1,251400,0.0000039777247414478914,0,0,0,16250,0,0,0,34580,0,0,0,10078,0,0,0,18394,0,0,0,21646,0,0,0,113702,0,0,1,6134,0,0,0,30616,0,0
10,81927049,rs1323671685,G,A,gnomAD Exomes,PASS,NA,p.Ile194Ile,c.582C>T(p.=),c.582C>T,synonymous_variant,,1,251384,0.00000397797791426662,0,0,0,16248,0,0,0,34580,0,0,0,10078,0,0,0,18392,0,0,0,21646,0,0,1,113692,0,0,0,6132,0,0,0,30616,0,0
10,81927050,rs556788817,A,G,"gnomAD Exomes,gnomAD Genomes",PASS,PASS,p.Ile194Thr,p.Ile194Thr,c.581T>C,missense_variant,,5,282766,0.000017682465360050358,0,0,0,24958,0,0,0,35426,0,0,0,10366,0,0,5,19950,0,0,0,25120,0,0,0,129112,0,0,0,7218,0,0,0,30616,0,0
10,81927051,rs1276142979,T,C,gnomAD Exomes,PASS,NA,p.Ile194Val,p.Ile194Val,c.580A>G,missense_variant,,1,251386,0.00000397794626590184,0,0,0,16250,0,0,1,34578,0,0,0,10078,0,0,0,18392,0,0,0,21646,0,0,0,113694,0,0,0,6132,0,0,0,30616,0,0
10,81927059,rs2229554,C,T,"gnomAD Exomes,gnomAD Genomes",PASS,PASS,p.Arg191Gln,p.Arg191Gln,c.572G>A,missense_variant,,13506,282660,0.04778178730630439,438,0,266,24956,1,0,771,35428,15,0,476,10364,15,0,4,19946,0,0,1263,25106,33,0,9115,129032,324,0,370,7214,6,0,1241,30614,44,0
10,81927060,rs541812422,G,A,"gnomAD Exomes,gnomAD Genomes",PASS,PASS,p.Arg191Ter,p.Arg191Ter,c.571C>T,stop_gained,,7,282704,0.00002476088063840625,0,0,2,24958,0,0,3,35426,0,0,0,10362,0,0,1,19944,0,0,0,25108,0,0,1,129076,0,0,0,7216,0,0,0,30614,0,0
10,81927065,rs569546089,C,T,"gnomAD Exomes,gnomAD Genomes",PASS,PASS,p.Gly189Glu,p.Gly189Glu,c.566G>A,missense_variant,,45,282680,0.00015919060421678224,0,0,1,24958,0,0,6,35426,0,0,0,10358,0,0,0,19946,0,0,0,25108,0,0,36,129054,0,0,2,7216,0,0,0,30614,0,0
10,81927075,rs746462635,C,T,gnomAD Exomes,PASS,NA,c.562-6G>A,,c.562-6G>A,splice_region_variant,,3,251124,0.000011946289482486739,0,0,0,16232,0,0,0,34568,0,0,0,10064,0,0,0,18384,0,0,0,21602,0,0,1,113528,0,0,0,6130,0,0,2,30616,0,0
10,81927076,rs199700081,G,A,"gnomAD Exomes,gnomAD Genomes",PASS,PASS,c.562-7C>T,,c.562-7C>T,splice_region_variant,,31,282502,0.00010973373639832638,0,0,27,24938,0,0,1,35412,0,0,0,10354,0,0,0,19938,0,0,1,25078,0,0,1,128948,0,0,0,7220,0,0,1,30614,0,0
10,81927077,rs748869505,GACAA,G,gnomAD Exomes,PASS,NA,c.562-12_562-9delTTGT,,c.562-12_562-9delTTGT,intron_variant,,3,251138,0.00001194562352172909,0,0,0,16236,0,0,2,34560,0,0,0,10056,0,0,1,18380,0,0,0,21614,0,0,0,113546,0,0,0,6130,0,0,0,30616,0,0
10,81927079,rs781346204,C,T,gnomAD Exomes,PASS,NA,c.562-10G>A,,c.562-10G>A,intron_variant,,2,251076,0.000007965715560228775,0,0,0,16232,0,0,0,34560,0,0,1,10062,0,0,0,18382,0,0,0,21614,0,0,0,113490,0,0,0,6130,0,0,1,30606,0,0
10,81927095,rs1170907402,A,G,gnomAD Exomes,PASS,NA,c.562-26T>C,,c.562-26T>C,intron_variant,,3,250546,0.000011973849113536037,0,0,0,16192,0,0,0,34514,0,0,0,10030,0,0,0,18374,0,0,0,21530,0,0,0,113216,0,0,0,6110,0,0,3,30580,0,0
10,81927101,rs748022025,C,T,gnomAD Exomes,PASS,NA,c.562-32G>A,,c.562-32G>A,intron_variant,,6,249636,0.00002403499495265106,0,0,0,16110,0,0,3,34444,0,0,0,9982,0,0,1,18350,0,0,0,21396,0,0,0,112760,0,0,0,6084,0,0,2,30510,0,0
10,81927102,rs375029457,G,A,"gnomAD Exomes,gnomAD Genomes",PASS,PASS,c.562-33C>T,,c.562-33C>T,intron_variant,,27,281014,0.0000960806223177493,0,0,1,24800,0,0,0,35298,0,0,0,10276,0,0,0,19896,0,0,0,24862,0,0,2,128210,0,0,2,7164,0,0,22,30508,0,0
10,81927103,rs772856654,T,C,gnomAD Exomes,PASS,NA,c.562-34A>G,,c.562-34A>G,intron_variant,,2,249640,0.00000801153661272232,0,0,0,16100,0,0,0,34444,0,0,0,9980,0,0,0,18340,0,0,0,21400,0,0,2,112772,0,0,0,6088,0,0,0,30516,0,0
10,81927110,rs746136259,C,T,gnomAD Exomes,PASS,NA,c.562-41G>A,,c.562-41G>A,intron_variant,,5,248268,0.00002013952664056584,0,0,1,15978,0,0,1,34350,0,0,0,9920,0,0,0,18316,0,0,1,21204,0,0,2,112084,0,0,0,6046,0,0,0,30370,0,0
10,81927111,rs369398504,G,A,"gnomAD Exomes,gnomAD Genomes",PASS,PASS,c.562-42C>T,,c.562-42C>T,intron_variant,,13,279012,0.00004659297807979585,0,0,12,24638,0,0,0,35112,0,0,0,10200,0,0,0,19844,0,0,0,24570,0,0,1,127218,0,0,0,7136,0,0,0,30294,0,0
10,81927119,rs1297572239,C,T,gnomAD Exomes,PASS,NA,c.562-50G>A,,c.562-50G>A,intron_variant,,1,246866,0.00000405078058541881,0,0,0,15870,0,0,0,34230,0,0,0,9878,0,0,0,18250,0,0,0,20976,0,0,0,111398,0,0,0,6020,0,0,1,30244,0,0
10,81928656,,A,G,gnomAD Genomes,NA,PASS,c.561+69T>C,,c.561+69T>C,intron_variant,,1,31358,0.000031889788889597554,0,0,1,8702,0,0,0,848,0,0,0,290,0,0,0,1560,0,0,0,3472,0,0,0,15402,0,0,0,1084,0,0,0,0,0,0
10,81928665,rs1000093545,T,C,gnomAD Genomes,NA,PASS,c.561+60A>G,,c.561+60A>G,intron_variant,,3,31380,0.00009560229445506692,0,0,3,8704,0,0,0,848,0,0,0,290,0,0,0,1560,0,0,0,3474,0,0,0,15418,0,0,0,1086,0,0,0,0,0,0
10,81928691,rs372962681,C,T,"gnomAD Exomes,gnomAD Genomes",PASS,PASS,c.561+34G>A,,c.561+34G>A,intron_variant,,37,158364,0.00023363895834911975,0,0,0,18544,0,0,1,15406,0,0,0,2822,0,0,0,13608,0,0,0,17208,0,0,16,76162,0,0,2,4078,0,0,18,10536,0,0
10,81928701,rs1424937660,G,A,gnomAD Genomes,NA,PASS,c.561+24C>T,,c.561+24C>T,intron_variant,,1,31368,0.00003187962254526906,0,0,1,8698,0,0,0,848,0,0,0,290,0,0,0,1558,0,0,0,3474,0,0,0,15414,0,0,0,1086,0,0,0,0,0,0
10,81928711,rs376217962,G,A,gnomAD Exomes,PASS,NA,c.561+14C>T,,c.561+14C>T,intron_variant,,8,149618,0.00005346950233260704,0,0,0,11556,0,0,0,17444,0,0,0,3190,0,0,0,13580,0,0,0,15006,0,0,8,72638,0,0,0,3406,0,0,0,12798,0,0
10,81928734,rs765664521,G,T,gnomAD Exomes,PASS,NA,p.Pro184Pro,c.552C>A(p.=),c.552C>A,synonymous_variant,,5,167110,0.00002992041170486506,0,0,0,12884,0,0,0,20256,0,0,0,3912,0,0,1,14734,0,0,0,15984,0,0,3,80382,0,0,1,3852,0,0,0,15106,0,0
10,81928734,rs765664521,G,A,gnomAD Exomes,PASS,NA,p.Pro184Pro,c.552C>T(p.=),c.552C>T,synonymous_variant,,1,167110,0.000005984082340973012,0,0,0,12884,0,0,0,20256,0,0,0,3912,0,0,0,14734,0,0,0,15984,0,0,1,80382,0,0,0,3852,0,0,0,15106,0,0
10,81928738,rs1019073776,A,G,gnomAD Exomes,PASS,NA,p.Val183Ala,p.Val183Ala,c.548T>C,missense_variant,,1,169328,0.000005905697817254087,0,0,0,13108,0,0,0,20474,0,0,0,4040,0,0,0,14800,0,0,0,16120,0,0,1,81476,0,0,0,3886,0,0,0,15424,0,0
10,81928743,rs1246222259,G,A,gnomAD Genomes,NA,PASS,p.Pro181Pro,c.543C>T(p.=),c.543C>T,synonymous_variant,,1,31342,0.000031906068534235215,0,0,0,8686,0,0,0,848,0,0,0,288,0,0,0,1558,0,0,0,3468,0,0,1,15406,0,0,0,1088,0,0,0,0,0,0
10,81928755,rs35715926,C,T,"gnomAD Exomes,gnomAD Genomes",PASS,PASS,p.Gly177Gly,c.531G>A(p.=),c.531G>A,synonymous_variant,,363,209178,0.0017353641396322748,3,0,330,22348,3,0,21,22910,0,0,0,4794,0,0,0,16948,0,0,0,20018,0,0,5,100154,0,0,6,5178,0,0,1,16828,0,0
10,81928759,rs751254253,G,C,gnomAD Exomes,PASS,NA,p.Ser176Cys,p.Ser176Cys,c.527C>G,missense_variant,,9,178978,0.00005028550995094369,0,0,0,13652,0,0,1,22320,0,0,0,4560,0,0,0,15354,0,0,0,16682,0,0,2,85092,0,0,0,4134,0,0,6,17184,0,0
10,81928762,rs954540628,C,A,gnomAD Exomes,PASS,NA,p.Gly175Val,p.Gly175Val,c.524G>T,missense_variant,,1,179462,0.000005572210272926859,0,0,0,13682,0,0,0,22444,0,0,0,4562,0,0,0,15372,0,0,0,16682,0,0,1,85298,0,0,0,4170,0,0,0,17252,0,0
10,81928763,rs754594235,C,A,gnomAD Exomes,PASS,NA,p.Gly175Trp,p.Gly175Trp,c.523G>T,missense_variant,,2,180244,0.000011096069772086727,0,0,0,13756,0,0,0,22502,0,0,0,4580,0,0,0,15448,0,0,0,16742,0,0,2,85648,0,0,0,4192,0,0,0,17376,0,0
10,81928765,rs140912946,G,A,"gnomAD Exomes,gnomAD Genomes",PASS,PASS,p.Pro174Leu,p.Pro174Leu,c.521C>T,missense_variant,,52,207218,0.00025094345085851616,0,0,0,22194,0,0,7,22672,0,0,19,4628,0,0,14,16684,0,0,0,19924,0,0,10,99274,0,0,2,5150,0,0,0,16692,0,0
10,81928766,rs144975299,G,A,"gnomAD Exomes,gnomAD Genomes",PASS,PASS,p.Pro174Ser,p.Pro174Ser,c.520C>T,missense_variant,,165,208386,0.000791799833002217,0,0,6,22308,0,0,12,22842,0,0,0,4694,0,0,0,16732,0,0,6,20010,0,0,120,99760,0,0,7,5206,0,0,14,16834,0,0
10,81928766,rs144975299,G,C,gnomAD Exomes,PASS,NA,p.Pro174Ala,p.Pro174Ala,c.520C>G,missense_variant,,1,177064,0.000005647675416798445,0,0,0,13618,0,0,0,21994,0,0,0,4404,0,0,0,15176,0,0,0,16538,0,0,0,84382,0,0,0,4118,0,0,1,16834,0,0
10,81928767,rs777649022,G,C,"gnomAD Exomes,gnomAD Genomes",PASS,PASS,p.Tyr173Ter,p.Tyr173Ter,c.519C>G,stop_gained,,7,209494,0.00003341384478791755,0,0,7,22392,0,0,0,22982,0,0,0,4716,0,0,0,16878,0,0,0,20040,0,0,0,100274,0,0,0,5222,0,0,0,16990,0,0
10,81928769,rs748980504,A,G,gnomAD Exomes,PASS,NA,p.Tyr173His,p.Tyr173His,c.517T>C,missense_variant,,8,179948,0.00004445728766087981,0,0,0,13802,0,0,8,22458,0,0,0,4566,0,0,0,15384,0,0,0,16720,0,0,0,85564,0,0,0,4164,0,0,0,17290,0,0
10,81928775,rs1239787443,G,A,gnomAD Exomes,PASS,NA,p.Pro171Ser,p.Pro171Ser,c.511C>T,missense_variant,,2,179616,0.000011134865490824871,0,0,0,13780,0,0,0,22420,0,0,0,4550,0,0,0,15370,0,0,0,16670,0,0,0,85432,0,0,0,4178,0,0,2,17216,0,0
10,81928776,rs1342615649,G,A,gnomAD Genomes,NA,PASS,p.Tyr170Tyr,c.510C>T(p.=),c.510C>T,synonymous_variant,,1,31340,0.00003190810465858328,0,0,0,8696,0,0,0,848,0,0,0,290,0,0,0,1560,0,0,0,3468,0,0,1,15392,0,0,0,1086,0,0,0,0,0,0
10,81928782,rs775743656,C,T,"gnomAD Exomes,gnomAD Genomes",PASS,PASS,p.Pro168Pro,c.504G>A(p.=),c.504G>A,synonymous_variant,,5,211372,0.000023654977953560547,0,0,0,22490,0,0,0,23388,0,0,0,4818,0,0,0,17068,0,0,0,20162,0,0,5,101038,0,0,0,5262,0,0,0,17146,0,0
10,81928783,rs747207067,G,A,"gnomAD Exomes,gnomAD Genomes",PASS,PASS,p.Pro168Leu,p.Pro168Leu,c.503C>T,missense_variant,,3,208858,0.0000143638261402484,0,0,0,22126,0,0,0,23118,0,0,0,4704,0,0,0,16964,0,0,0,19986,0,0,3,99778,0,0,0,5180,0,0,0,17002,0,0
10,81928784,rs1208629412,G,A,gnomAD Exomes,PASS,NA,p.Pro168Ser,p.Pro168Ser,c.502C>T,missense_variant,,1,178072,0.0000056157060065591445,0,0,0,13452,0,0,0,22420,0,0,0,4436,0,0,0,15502,0,0,0,16528,0,0,1,84618,0,0,0,4098,0,0,0,17018,0,0
10,81928787,rs1289198745,C,A,gnomAD Exomes,PASS,NA,p.Val167Leu,p.Val167Leu,c.499G>T,missense_variant,,1,176866,0.000005653997941944749,0,0,0,13416,0,0,0,22208,0,0,0,4370,0,0,1,15462,0,0,0,16474,0,0,0,84044,0,0,0,4074,0,0,0,16818,0,0
10,81928790,rs990530110,G,T,gnomAD Exomes,PASS,NA,p.Pro166Thr,p.Pro166Thr,c.496C>A,missense_variant,,1,177502,0.000005633739338148303,0,0,0,13576,0,0,0,22228,0,0,0,4384,0,0,1,15492,0,0,0,16518,0,0,0,84264,0,0,0,4096,0,0,0,16944,0,0
10,81928791,rs1236524722,C,T,gnomAD Exomes,PASS,NA,p.Gln165Gln,c.495G>A(p.=),c.495G>A,synonymous_variant,,1,177478,0.000005634501177610746,0,0,0,13568,0,0,0,22282,0,0,0,4356,0,0,0,15482,0,0,0,16508,0,0,1,84326,0,0,0,4102,0,0,0,16854,0,0
10,81928800,rs765603298,C,T,gnomAD Exomes,PASS,NA,p.Gly162Gly,c.486G>A(p.=),c.486G>A,synonymous_variant,,1,175282,0.000005705092365445396,0,0,0,13428,0,0,0,21934,0,0,0,4150,0,0,0,15492,0,0,0,16382,0,0,0,83556,0,0,0,4010,0,0,1,16330,0,0
10,81928800,rs765603298,CCCAGGGAGTGGCACTGGAGGCTGA,C,gnomAD Exomes,PASS,NA,p.Pro156_Gln163del,p.Pro156_Gln163del,c.462_485delTCAGCCTCCAGTGCCACTCCCTGG,inframe_deletion,,1,175282,0.000005705092365445396,0,0,0,13428,0,0,0,21934,0,0,0,4150,0,0,0,15492,0,0,0,16382,0,0,1,83556,0,0,0,4010,0,0,0,16330,0,0
10,81928802,rs773632187,C,T,gnomAD Exomes,PASS,NA,p.Gly162Arg,p.Gly162Arg,c.484G>A,missense_variant,,7,174872,0.00004002927855803102,0,0,0,13472,0,0,1,21768,0,0,0,4082,0,0,0,15450,0,0,0,16328,0,0,6,83546,0,0,0,4006,0,0,0,16220,0,0
10,81928804,rs1161433938,G,C,gnomAD Exomes,PASS,NA,p.Pro161Arg,p.Pro161Arg,c.482C>G,missense_variant,,1,175454,0.0000056994995839365305,0,0,0,13542,0,0,0,21776,0,0,0,4120,0,0,0,15468,0,0,0,16390,0,0,1,83850,0,0,0,4016,0,0,0,16292,0,0
10,81928805,rs763479546,G,A,gnomAD Exomes,PASS,NA,p.Pro161Ser,p.Pro161Ser,c.481C>T,missense_variant,,1,174624,0.000005726589701301081,0,0,0,13516,0,0,0,21532,0,0,0,4052,0,0,0,15448,0,0,0,16324,0,0,0,83606,0,0,0,4008,0,0,1,16138,0,0
10,81928812,rs139412104,C,A,"gnomAD Exomes,gnomAD Genomes",PASS,PASS,p.Val158Val,c.474G>T(p.=),c.474G>T,synonymous_variant,,317,204514,0.001550016135814663,0,0,8,22320,0,0,41,22158,0,0,0,4194,0,0,0,16980,0,0,25,19664,0,0,221,98398,0,0,9,5054,0,0,13,15746,0,0
10,81928815,rs751305637,T,C,gnomAD Exomes,PASS,NA,p.Pro157Pro,c.471A>G(p.=),c.471A>G,synonymous_variant,,1,173362,0.000005768276784993251,0,0,0,13740,0,0,0,21262,0,0,0,3864,0,0,0,15470,0,0,0,16190,0,0,1,83238,0,0,0,3984,0,0,0,15614,0,0
10,81928818,rs1316142740,A,G,gnomAD Exomes,PASS,NA,p.Pro156Pro,c.468T>C(p.=),c.468T>C,synonymous_variant,,1,171984,0.000005814494371569448,0,0,0,13690,0,0,1,21106,0,0,0,3794,0,0,0,15414,0,0,0,16026,0,0,0,82656,0,0,0,3946,0,0,0,15352,0,0
10,81928821,rs1342673271,C,A,gnomAD Exomes,PASS,NA,p.Gln155His,p.Gln155His,c.465G>T,missense_variant,,1,171740,0.0000058227553278211246,0,0,0,13716,0,0,0,21072,0,0,0,3756,0,0,1,15402,0,0,0,16040,0,0,0,82560,0,0,0,3930,0,0,0,15264,0,0
10,81928824,rs1318008811,A,AT,gnomAD Genomes,NA,PASS,p.Gln155SerfsTer42,p.Gln155SerfsTer42,c.461_462insA,frameshift_variant,,1,31296,0.00003195296523517383,0,0,1,8674,0,0,0,848,0,0,0,290,0,0,0,1560,0,0,0,3472,0,0,0,15364,0,0,0,1088,0,0,0,0,0,0
10,81928824,rs1318008811,A,C,gnomAD Exomes,PASS,NA,p.Gly154Gly,c.462T>G(p.=),c.462T>G,synonymous_variant,,1,174084,0.0000057443533007054065,0,0,0,13808,0,0,0,21528,0,0,0,3842,0,0,0,15568,0,0,0,16204,0,0,0,83510,0,0,0,3998,0,0,1,15626,0,0
10,81928824,rs1318008811,ACCAGGGTAGGTCACTGGTGGCTGC,A,gnomAD Exomes,PASS,NA,p.Thr151_Val158del,p.Thr151_Val158del,c.438_461delGCAGCCACCAGTGACCTACCCTGG,inframe_deletion,,1,174084,0.0000057443533007054065,0,0,0,13808,0,0,0,21528,0,0,0,3842,0,0,0,15568,0,0,0,16204,0,0,0,83510,0,0,1,3998,0,0,0,15626,0,0
10,81928830,rs34003188,G,A,"gnomAD Exomes,gnomAD Genomes",PASS,PASS,p.Tyr152Tyr,c.456C>T(p.=),c.456C>T,synonymous_variant,,2645,204400,0.012940313111545988,22,0,67,22540,0,0,146,22132,0,0,50,4054,1,0,0,17122,0,0,332,19564,4,0,1735,98558,16,0,100,5086,0,0,215,15344,1,0
10,81928835,rs566752242,T,C,"gnomAD Exomes,gnomAD Genomes",PASS,PASS,p.Thr151Ala,p.Thr151Ala,c.451A>G,missense_variant,,18,202560,0.00008886255924170616,0,0,0,22450,0,0,0,21726,0,0,0,3920,0,0,0,17010,0,0,0,19418,0,0,11,97964,0,0,0,5002,0,0,7,15070,0,0
10,81928836,rs752103000,C,A,"gnomAD Exomes,gnomAD Genomes",PASS,PASS,p.Val150Val,c.450G>T(p.=),c.450G>T,synonymous_variant,,2,202814,0.000009861252181802044,0,0,0,22474,0,0,0,21710,0,0,0,3942,0,0,2,17026,0,0,0,19434,0,0,0,98134,0,0,0,5026,0,0,0,15068,0,0
10,81928836,rs752103000,C,T,"gnomAD Exomes,gnomAD Genomes",PASS,PASS,p.Val150Val,c.450G>A(p.=),c.450G>A,synonymous_variant,,15,202814,0.00007395939136351534,0,0,0,22474,0,0,8,21710,0,0,0,3942,0,0,4,17026,0,0,0,19434,0,0,1,98134,0,0,2,5026,0,0,0,15068,0,0
10,81928837,rs778150752,ACTGGTGGCTGCCCAGGGTAGGCCC,A,gnomAD Exomes,PASS,NA,p.Gly142_Pro149del,p.Gly142_Pro149del,c.425_448delGGGCCTACCCTGGGCAGCCACCAG,inframe_deletion,,10,171098,0.000058446036774246336,0,0,0,13756,0,0,10,20778,0,0,0,3636,0,0,0,15448,0,0,0,15940,0,0,0,82566,0,0,0,3922,0,0,0,15052,0,0
10,81928837,rs778150752,A,G,gnomAD Exomes,PASS,NA,p.Val150Ala,p.Val150Ala,c.449T>C,missense_variant,,1,171098,0.000005844603677424634,0,0,0,13756,0,0,0,20778,0,0,0,3636,0,0,0,15448,0,0,0,15940,0,0,1,82566,0,0,0,3922,0,0,0,15052,0,0
10,81928842,rs747381895,TGGCTGCCCAGGGTAGGCCCCTGGG,T,gnomAD Exomes,PASS,NA,p.Gly142_Pro149del,p.Gly142_Pro149del,c.420_443delCCCAGGGGCCTACCCTGGGCAGCC,inframe_deletion,,4,170778,0.000023422220660740846,0,0,0,13692,0,0,0,20782,0,0,0,3592,0,0,1,15408,0,0,0,15950,0,0,0,82414,0,0,0,3916,0,0,3,15024,0,0
10,81928846,rs534734419,T,G,gnomAD Exomes,PASS,NA,p.Gln147Pro,p.Gln147Pro,c.440A>C,missense_variant,,1,170326,0.000005871094254547162,0,0,0,13588,0,0,0,20716,0,0,0,3586,0,0,1,15410,0,0,0,15878,0,0,0,82286,0,0,0,3894,0,0,0,14968,0,0
10,81928847,rs1183183926,G,A,gnomAD Genomes,NA,PASS,p.Gln147Ter,p.Gln147Ter,c.439C>T,stop_gained,,2,31304,0.0000638895987733197,0,0,2,8676,0,0,0,848,0,0,0,290,0,0,0,1560,0,0,0,3472,0,0,0,15374,0,0,0,1084,0,0,0,0,0,0
10,81928858,rs558151486,G,A,gnomAD Exomes,PASS,NA,p.Ala143Val,p.Ala143Val,c.428C>T,missense_variant,,2,171384,0.000011669700788871773,0,0,0,13292,0,0,0,21162,0,0,0,3682,0,0,0,15542,0,0,0,15978,0,0,1,82490,0,0,0,3908,0,0,1,15330,0,0
10,81928859,rs1048011441,C,T,gnomAD Exomes,PASS,NA,p.Ala143Thr,p.Ala143Thr,c.427G>A,missense_variant,,1,172588,0.000005794145595290518,0,0,1,13268,0,0,0,21568,0,0,0,3820,0,0,0,15612,0,0,0,16048,0,0,0,82706,0,0,0,3960,0,0,0,15606,0,0
10,81928873,rs753759611,T,C,gnomAD Exomes,PASS,NA,p.Gln138Arg,p.Gln138Arg,c.413A>G,missense_variant,,1,175144,0.000005709587539396154,0,0,0,13328,0,0,1,21694,0,0,0,3920,0,0,0,15644,0,0,0,16292,0,0,0,84182,0,0,0,3998,0,0,0,16086,0,0
10,81928873,rs753759611,T,A,gnomAD Exomes,PASS,NA,p.Gln138Leu,p.Gln138Leu,c.413A>T,missense_variant,,1,175144,0.000005709587539396154,0,0,0,13328,0,0,0,21694,0,0,0,3920,0,0,1,15644,0,0,0,16292,0,0,0,84182,0,0,0,3998,0,0,0,16086,0,0
10,81928874,rs1185315740,G,A,gnomAD Exomes,PASS,NA,p.Gln138Ter,p.Gln138Ter,c.412C>T,stop_gained,,1,177130,0.000005645571049511658,0,0,0,13300,0,0,0,22282,0,0,0,4118,0,0,0,15742,0,0,0,16492,0,0,1,84570,0,0,0,4082,0,0,0,16544,0,0
10,81928876,rs1246571906,C,G,gnomAD Genomes,NA,PASS,p.Gly137Ala,p.Gly137Ala,c.410G>C,missense_variant,,1,31266,0.00003198362438431523,0,0,1,8676,0,0,0,846,0,0,0,290,0,0,0,1558,0,0,0,3470,0,0,0,15344,0,0,0,1082,0,0,0,0,0,0
10,81928877,rs530828539,C,T,gnomAD Exomes,PASS,NA,p.Gly137Arg,p.Gly137Arg,c.409G>A,missense_variant,,6,175806,0.00003412852803658578,0,0,0,13170,0,0,0,22112,0,0,0,4060,0,0,0,15646,0,0,0,16428,0,0,0,83956,0,0,0,4034,0,0,6,16400,0,0
10,81928877,rs530828539,CG,C,"gnomAD Exomes,gnomAD Genomes",PASS,PASS,p.Gly137AspfsTer14,p.Gly137AspfsTer14,c.408delC,frameshift_variant,,11,207062,0.00005312418502670698,0,0,0,21826,0,0,1,22956,0,0,7,4350,0,0,0,17204,0,0,0,19898,0,0,2,99310,0,0,1,5118,0,0,0,16400,0,0
10,81928878,rs201734622,G,A,"gnomAD Exomes,gnomAD Genomes",PASS,PASS,p.Pro136Pro,c.408C>T(p.=),c.408C>T,synonymous_variant,,55,208288,0.0002640574589030573,0,0,0,21928,0,0,1,23048,0,0,0,4452,0,0,44,17244,0,0,0,20018,0,0,7,99788,0,0,1,5154,0,0,2,16656,0,0
10,81928880,rs1396049084,G,T,gnomAD Genomes,NA,PASS,p.Pro136Thr,p.Pro136Thr,c.406C>A,missense_variant,,1,31290,0.00003195909236177693,0,0,0,8674,0,0,0,848,0,0,0,290,0,0,0,1556,0,0,0,3470,0,0,1,15368,0,0,0,1084,0,0,0,0,0,0
10,81928882,rs1429396059,G,C,gnomAD Genomes,NA,PASS,p.Pro135Arg,p.Pro135Arg,c.404C>G,missense_variant,,1,31284,0.00003196522183863956,0,0,0,8672,0,0,0,846,0,0,0,290,0,0,0,1556,0,0,0,3472,0,0,1,15364,0,0,0,1084,0,0,0,0,0,0
10,81928883,rs747262502,G,A,"gnomAD Exomes,gnomAD Genomes",PASS,PASS,p.Pro135Ser,p.Pro135Ser,c.403C>T,missense_variant,,3,211496,0.0000141846654310247,0,0,0,22130,0,0,0,23258,0,0,0,4592,0,0,0,17400,0,0,0,20258,0,0,3,101520,0,0,0,5220,0,0,0,17118,0,0
10,81928884,rs1372501219,T,C,gnomAD Genomes,NA,PASS,p.Pro134Pro,c.402A>G(p.=),c.402A>G,synonymous_variant,,2,31080,0.00006435006435006435,0,0,0,8644,0,0,0,848,0,0,0,290,0,0,0,1554,0,0,0,3466,0,0,2,15204,0,0,0,1074,0,0,0,0,0,0
10,81928887,rs111372395,C,A,"gnomAD Exomes,gnomAD Genomes",PASS,PASS,p.Met133Ile,p.Met133Ile,c.399G>T,missense_variant,,14,212866,0.00006576907538075597,0,0,13,22122,0,0,0,23538,0,0,0,4726,0,0,0,17440,0,0,0,20346,0,0,0,102072,0,0,0,5266,0,0,1,17356,0,0
10,81928889,rs781344585,T,C,gnomAD Exomes,PASS,NA,p.Met133Val,p.Met133Val,c.397A>G,missense_variant,,1,183164,0.000005459588128671573,0,0,0,13584,0,0,1,22782,0,0,0,4508,0,0,0,15924,0,0,0,16992,0,0,0,87492,0,0,0,4220,0,0,0,17662,0,0
10,81928896,rs35694404,G,A,"gnomAD Exomes,gnomAD Genomes",PASS,PASS,p.Gly130Gly,c.390C>T(p.=),c.390C>T,synonymous_variant,,2471,219716,0.01124633617943163,137,0,2284,22320,137,0,128,24714,0,0,0,5262,0,0,0,17754,0,0,9,20914,0,0,22,104592,0,0,24,5476,0,0,4,18684,0,0
10,81928897,rs377524413,C,T,gnomAD Exomes,PASS,NA,p.Gly130Asp,p.Gly130Asp,c.389G>A,missense_variant,,1,188614,0.000005301833373980722,0,0,1,13652,0,0,0,23852,0,0,0,5014,0,0,0,16202,0,0,0,17430,0,0,0,89314,0,0,0,4394,0,0,0,18756,0,0
10,81928897,rs377524413,C,A,gnomAD Exomes,PASS,NA,p.Gly130Val,p.Gly130Val,c.389G>T,missense_variant,,1,188614,0.000005301833373980722,0,0,0,13652,0,0,0,23852,0,0,0,5014,0,0,0,16202,0,0,0,17430,0,0,1,89314,0,0,0,4394,0,0,0,18756,0,0
10,81928899,rs773651988,C,T,gnomAD Exomes,PASS,NA,p.Pro129Pro,c.387G>A(p.=),c.387G>A,synonymous_variant,,6,189350,0.000031687351465540004,0,0,0,13670,0,0,0,23780,0,0,0,5032,0,0,1,16140,0,0,0,17560,0,0,0,89866,0,0,0,4380,0,0,5,18922,0,0
10,81928900,rs1276365693,G,C,gnomAD Exomes,PASS,NA,p.Pro129Arg,p.Pro129Arg,c.386C>G,missense_variant,,1,189704,0.000005271370134525366,0,0,0,13686,0,0,0,23738,0,0,0,5050,0,0,0,16118,0,0,0,17582,0,0,1,90130,0,0,0,4368,0,0,0,19032,0,0
10,81928903,rs763532696,A,C,gnomAD Exomes,PASS,NA,p.Val128Gly,p.Val128Gly,c.383T>G,missense_variant,,1,193378,0.0000051712190631819545,0,0,0,13770,0,0,1,24172,0,0,0,5334,0,0,0,16284,0,0,0,17880,0,0,0,91690,0,0,0,4478,0,0,0,19770,0,0
10,81928907,rs1224351679,G,T,gnomAD Exomes,PASS,NA,p.Pro127Thr,p.Pro127Thr,c.379C>A,missense_variant,,1,196072,0.000005100167285486964,0,0,0,13916,0,0,0,24460,0,0,0,5538,0,0,0,16352,0,0,0,18030,0,0,1,92826,0,0,0,4562,0,0,0,20388,0,0
10,81928908,rs771462868,G,A,gnomAD Exomes,PASS,NA,p.Ala126Ala,c.378C>T(p.=),c.378C>T,synonymous_variant,,1,197978,0.000005051066280091727,0,0,0,13986,0,0,0,24766,0,0,0,5698,0,0,0,16462,0,0,0,18164,0,0,1,93502,0,0,0,4624,0,0,0,20776,0,0
10,81928910,rs1329327327,C,G,gnomAD Genomes,NA,PASS,p.Ala126Pro,p.Ala126Pro,c.376G>C,missense_variant,,1,31244,0.000032006145179874536,0,0,0,8666,0,0,0,848,0,0,0,290,0,0,0,1558,0,0,1,3472,0,0,0,15328,0,0,0,1082,0,0,0,0,0,0
10,81928913,rs774820703,C,G,gnomAD Exomes,PASS,NA,p.Gly125Arg,p.Gly125Arg,c.373G>C,missense_variant,,3,204622,0.000014661180127259043,0,0,0,14150,0,0,0,25802,0,0,0,6220,0,0,3,16678,0,0,0,18652,0,0,0,95964,0,0,0,4782,0,0,0,22374,0,0
10,81928914,rs759288711,T,C,gnomAD Exomes,PASS,NA,p.Pro124Pro,c.372A>G(p.=),c.372A>G,synonymous_variant,,1,205686,0.000004861779605806909,0,0,0,14206,0,0,1,25796,0,0,0,6290,0,0,0,16678,0,0,0,18794,0,0,0,96478,0,0,0,4790,0,0,0,22654,0,0
10,81928914,rs759288711,T,G,gnomAD Exomes,PASS,NA,p.Pro124Pro,c.372A>C(p.=),c.372A>C,synonymous_variant,,1,205686,0.000004861779605806909,0,0,0,14206,0,0,0,25796,0,0,0,6290,0,0,0,16678,0,0,0,18794,0,0,0,96478,0,0,0,4790,0,0,1,22654,0,0
10,81928915,rs767023683,G,A,gnomAD Exomes,PASS,NA,p.Pro124Leu,p.Pro124Leu,c.371C>T,missense_variant,,2,210484,0.00000950190988388666,0,0,0,14086,0,0,0,27392,0,0,0,6650,0,0,0,16990,0,0,0,18978,0,0,1,97428,0,0,1,4958,0,0,0,24002,0,0
10,81928916,rs752259019,G,A,gnomAD Exomes,PASS,NA,p.Pro124Ser,p.Pro124Ser,c.370C>T,missense_variant,,1,212052,0.000004715824420425179,0,0,0,14150,0,0,1,27662,0,0,0,6770,0,0,0,17054,0,0,0,19086,0,0,0,98042,0,0,0,5026,0,0,0,24262,0,0
10,81928918,rs760158626,T,C,gnomAD Exomes,PASS,NA,p.Tyr123Cys,p.Tyr123Cys,c.368A>G,missense_variant,,2,213434,0.000009370578258384325,0,0,0,14154,0,0,0,27902,0,0,0,6946,0,0,0,17104,0,0,0,19128,0,0,0,98436,0,0,0,5062,0,0,2,24702,0,0
10,81928923,rs763635303,C,T,"gnomAD Exomes,gnomAD Genomes",PASS,PASS,p.Pro121Pro,c.363G>A(p.=),c.363G>A,synonymous_variant,,3,249332,0.000012032149904544945,0,0,0,23016,0,0,3,29156,0,0,0,7604,0,0,0,18756,0,0,0,23056,0,0,0,115704,0,0,0,6258,0,0,0,25782,0,0
10,81928924,rs201092252,G,A,"gnomAD Exomes,gnomAD Genomes",PASS,PASS,p.Pro121Leu,p.Pro121Leu,c.362C>T,missense_variant,,5,251976,0.000019843159665999937,0,0,0,23036,0,0,2,29548,0,0,0,7844,0,0,0,18836,0,0,0,23240,0,0,2,116590,0,0,1,6358,0,0,0,26524,0,0
10,81928924,rs201092252,G,C,gnomAD Exomes,PASS,NA,p.Pro121Arg,p.Pro121Arg,c.362C>G,missense_variant,,3,220684,0.000013594098348770187,0,0,0,14362,0,0,0,28700,0,0,0,7554,0,0,0,17276,0,0,0,19768,0,0,0,101226,0,0,0,5274,0,0,3,26524,0,0
10,81928924,rs201092252,G,T,"gnomAD Exomes,gnomAD Genomes",PASS,PASS,p.Pro121Gln,p.Pro121Gln,c.362C>A,missense_variant,,3,251976,0.000011905895799599961,0,0,0,23036,0,0,3,29548,0,0,0,7844,0,0,0,18836,0,0,0,23240,0,0,0,116590,0,0,0,6358,0,0,0,26524,0,0
10,81928927,rs1176166954,T,C,gnomAD Exomes,PASS,NA,p.Tyr120Cys,p.Tyr120Cys,c.359A>G,missense_variant,,1,223258,0.000004479122808589166,0,0,0,14352,0,0,1,29262,0,0,0,7784,0,0,0,17372,0,0,0,19874,0,0,0,102090,0,0,0,5330,0,0,0,27194,0,0
10,81928935,rs543234630,C,T,gnomAD Exomes,PASS,NA,p.Met117Ile,p.Met117Ile,c.351G>A,missense_variant,,4,228086,0.000017537244723481495,0,0,0,14488,0,0,0,29858,0,0,0,8248,0,0,0,17490,0,0,0,20276,0,0,0,103980,0,0,0,5464,0,0,4,28282,0,0
10,81928938,rs755231281,C,T,gnomAD Exomes,PASS,NA,p.Arg116Arg,c.348G>A(p.=),c.348G>A,synonymous_variant,,1,233754,0.000004278001659864644,0,0,0,14670,0,0,0,31264,0,0,0,8710,0,0,0,17764,0,0,0,20602,0,0,0,105996,0,0,0,5606,0,0,1,29142,0,0
10,81928945,rs1361633370,G,A,gnomAD Exomes,PASS,NA,p.Pro114Leu,p.Pro114Leu,c.341C>T,missense_variant,,1,236758,0.00000422372211287475,0,0,0,14766,0,0,0,31590,0,0,0,9166,0,0,0,17830,0,0,0,20860,0,0,1,107166,0,0,0,5718,0,0,0,29662,0,0
10,81928948,rs1402370301,G,A,gnomAD Exomes,PASS,NA,p.Pro113Leu,p.Pro113Leu,c.338C>T,missense_variant,,2,237108,0.00000843497477942541,0,0,0,14802,0,0,2,31698,0,0,0,9210,0,0,0,17858,0,0,0,20840,0,0,0,107294,0,0,0,5704,0,0,0,29702,0,0
10,81928951,rs1296960487,T,C,gnomAD Exomes,PASS,NA,p.Asn112Ser,p.Asn112Ser,c.335A>G,missense_variant,,1,236876,0.000004221618061770716,0,0,0,14740,0,0,1,31670,0,0,0,9194,0,0,0,17836,0,0,0,20856,0,0,0,107112,0,0,0,5710,0,0,0,29758,0,0
10,81928958,rs781337544,C,T,gnomAD Exomes,PASS,NA,p.Gly110Arg,p.Gly110Arg,c.328G>A,missense_variant,,1,241102,0.000004147622168210964,0,0,0,14852,0,0,0,32972,0,0,0,9506,0,0,0,18032,0,0,0,21096,0,0,0,108604,0,0,0,5830,0,0,1,30210,0,0
10,81928959,rs1387368020,T,TG,gnomAD Exomes,PASS,NA,p.Gly110ArgfsTer87,p.Gly110ArgfsTer87,c.326dupC,frameshift_variant,,1,241052,0.000004148482485106948,0,0,0,14812,0,0,0,32990,0,0,0,9518,0,0,0,18028,0,0,1,21118,0,0,0,108564,0,0,0,5826,0,0,0,30196,0,0
10,81928960,rs1276265089,G,T,gnomAD Genomes,NA,PASS,p.Pro109Gln,p.Pro109Gln,c.326C>A,missense_variant,,1,31276,0.00003197339813275355,0,0,0,8670,0,0,0,848,0,0,0,290,0,0,1,1560,0,0,0,3474,0,0,0,15354,0,0,0,1080,0,0,0,0,0,0
10,81928964,rs553424505,G,A,gnomAD Exomes,PASS,NA,p.Pro108Ser,p.Pro108Ser,c.322C>T,missense_variant,,181,242316,0.0007469585169778306,1,0,0,14864,0,0,0,33390,0,0,0,9600,0,0,0,18070,0,0,0,21190,0,0,0,108970,0,0,1,5882,0,0,180,30350,1,0
10,81928969,rs1329510409,T,A,gnomAD Exomes,PASS,NA,p.Tyr106Phe,p.Tyr106Phe,c.317A>T,missense_variant,,1,243154,0.000004112619985688082,0,0,0,14858,0,0,0,33664,0,0,0,9660,0,0,1,18134,0,0,0,21220,0,0,0,109276,0,0,0,5906,0,0,0,30436,0,0
10,81928973,rs1339490056,T,C,gnomAD Genomes,NA,PASS,p.Met105Val,p.Met105Val,c.313A>G,missense_variant,,1,31190,0.00003206155819172812,0,0,1,8648,0,0,0,848,0,0,0,290,0,0,0,1558,0,0,0,3468,0,0,0,15298,0,0,0,1080,0,0,0,0,0,0
10,81928977,rs769813560,A,G,gnomAD Exomes,PASS,NA,p.Tyr103Tyr,c.309T>C(p.=),c.309T>C,synonymous_variant,,1,244368,0.00000409218882996137,0,0,0,14836,0,0,0,34130,0,0,0,9760,0,0,0,18210,0,0,0,21242,0,0,1,109720,0,0,0,5938,0,0,0,30532,0,0
10,81928978,rs777968647,T,C,gnomAD Exomes,PASS,NA,p.Tyr103Cys,p.Tyr103Cys,c.308A>G,missense_variant,,2,244564,0.000008177818485140903,0,0,0,14860,0,0,1,34128,0,0,0,9760,0,0,0,18216,0,0,0,21282,0,0,0,109846,0,0,0,5946,0,0,1,30526,0,0
10,81928983,rs11542746,A,G,"gnomAD Exomes,gnomAD Genomes",PASS,PASS,p.Pro101Pro,c.303T>C(p.=),c.303T>C,synonymous_variant,,2836,275940,0.010277596578966442,22,0,56,23560,0,0,146,35020,0,0,50,10084,1,0,2,19786,0,0,264,24788,1,0,2134,125126,17,0,74,7044,2,0,110,30532,1,0
10,81928984,rs771519927,G,A,"gnomAD Exomes,gnomAD Genomes",PASS,PASS,p.Pro101Leu,p.Pro101Leu,c.302C>T,missense_variant,,5,275582,0.0000181434201072639,0,0,0,23496,0,0,0,35020,0,0,0,10076,0,0,0,19774,0,0,3,24754,0,0,2,124918,0,0,0,7008,0,0,0,30536,0,0
10,81928989,rs774871940,A,T,"gnomAD Exomes,gnomAD Genomes",PASS,PASS,p.Pro99Pro,c.297T>A(p.=),c.297T>A,synonymous_variant,,6,275514,0.000021777477732529017,0,0,5,23476,0,0,1,35036,0,0,0,10088,0,0,0,19766,0,0,0,24736,0,0,0,124864,0,0,0,7020,0,0,0,30528,0,0
10,81928990,rs1216065557,G,A,gnomAD Genomes,NA,PASS,p.Pro99Leu,p.Pro99Leu,c.296C>T,missense_variant,,1,31276,0.00003197339813275355,0,0,0,8672,0,0,0,848,0,0,0,290,0,0,1,1560,0,0,0,3472,0,0,0,15352,0,0,0,1082,0,0,0,0,0,0
10,81928994,rs1487922650,G,A,gnomAD Exomes,PASS,NA,p.Gln98Ter,p.Gln98Ter,c.292C>T,stop_gained,,1,243552,0.000004105899356194981,0,0,0,14656,0,0,0,34180,0,0,0,9782,0,0,0,18190,0,0,0,21232,0,0,1,109080,0,0,0,5930,0,0,0,30502,0,0
10,81928997,rs200048689,G,A,gnomAD Exomes,PASS,NA,p.Gln97Ter,p.Gln97Ter,c.289C>T,stop_gained,,11,242816,0.00004530179230363732,0,0,0,14488,0,0,0,34158,0,0,0,9776,0,0,10,18154,0,0,0,21156,0,0,0,108686,0,0,0,5910,0,0,1,30488,0,0
10,81929002,rs564912953,G,C,gnomAD Exomes,PASS,NA,p.Ser95Cys,p.Ser95Cys,c.284C>G,missense_variant,,1,243098,0.000004113567367892784,0,0,0,14546,0,0,0,34192,0,0,0,9786,0,0,0,18154,0,0,0,21158,0,0,0,108848,0,0,0,5914,0,0,1,30500,0,0
10,81929003,rs759677084,A,AG,gnomAD Exomes,PASS,NA,p.Ser95LeufsTer102,p.Ser95LeufsTer102,c.282dupC,frameshift_variant,,9,242998,0.00003703734187112651,0,0,0,14536,0,0,3,34184,0,0,0,9784,0,0,3,18148,0,0,0,21166,0,0,2,108778,0,0,0,5916,0,0,1,30486,0,0
10,81929003,rs759677084,AG,A,gnomAD Exomes,PASS,NA,p.Ser95LeufsTer56,p.Ser95LeufsTer56,c.282delC,frameshift_variant,,2,242998,0.000008230520415805892,0,0,0,14536,0,0,0,34184,0,0,0,9784,0,0,0,18148,0,0,0,21166,0,0,2,108778,0,0,0,5916,0,0,0,30486,0,0
10,81929004,rs775051106,G,C,gnomAD Exomes,PASS,NA,p.Pro94Pro,c.282C>G(p.=),c.282C>G,synonymous_variant,,1,243158,0.0000041125523322284275,0,0,0,14594,0,0,0,34180,0,0,0,9786,0,0,0,18142,0,0,0,21168,0,0,0,108904,0,0,0,5916,0,0,1,30468,0,0
10,81929004,rs775051106,G,A,gnomAD Exomes,PASS,NA,p.Pro94Pro,c.282C>T(p.=),c.282C>T,synonymous_variant,,1,243158,0.0000041125523322284275,0,0,0,14594,0,0,0,34180,0,0,0,9786,0,0,0,18142,0,0,0,21168,0,0,0,108904,0,0,0,5916,0,0,1,30468,0,0
10,81929004,rs775051106,G,T,gnomAD Exomes,PASS,NA,p.Pro94Pro,c.282C>A(p.=),c.282C>A,synonymous_variant,,1,243158,0.0000041125523322284275,0,0,0,14594,0,0,0,34180,0,0,0,9786,0,0,0,18142,0,0,0,21168,0,0,1,108904,0,0,0,5916,0,0,0,30468,0,0
10,81929005,rs760339593,G,T,gnomAD Exomes,PASS,NA,p.Pro94His,p.Pro94His,c.281C>A,missense_variant,,2,243338,0.000008219020457141918,0,0,0,14642,0,0,0,34188,0,0,0,9794,0,0,0,18152,0,0,0,21170,0,0,0,108988,0,0,0,5924,0,0,2,30480,0,0
10,81929007,rs763539929,G,A,gnomAD Exomes,PASS,NA,p.Pro93Pro,c.279C>T(p.=),c.279C>T,synonymous_variant,,10,243378,0.00004108834816622702,0,0,0,14628,0,0,9,34186,0,0,0,9802,0,0,0,18160,0,0,0,21160,0,0,1,109046,0,0,0,5918,0,0,0,30478,0,0
10,81929009,rs753295755,G,A,gnomAD Exomes,PASS,NA,p.Pro93Ser,p.Pro93Ser,c.277C>T,missense_variant,,1,242798,0.000004118650071252646,0,0,0,14550,0,0,0,34152,0,0,0,9798,0,0,0,18110,0,0,0,21104,0,0,1,108722,0,0,0,5904,0,0,0,30458,0,0
10,81929019,rs1157246473,GCCGCCAGGGGGCACTGGTGGGTAGCCAGCC,G,gnomAD Exomes,PASS,NA,p.Ala80_Gly89del,p.Ala80_Gly89del,c.237_266delGGCTGGCTACCCACCAGTGCCCCCTGGCGG,inframe_deletion,,1,242990,0.000004115395695296103,0,0,0,14556,0,0,0,34166,0,0,0,9810,0,0,0,18080,0,0,0,21066,0,0,0,108906,0,0,1,5940,0,0,0,30466,0,0
10,81929021,rs201713183,C,T,"gnomAD Exomes,gnomAD Genomes",PASS,PASS,p.Gly89Ser,p.Gly89Ser,c.265G>A,missense_variant,,74,274298,0.0002697795827895209,1,0,0,23266,0,0,0,35016,0,0,0,10106,0,0,64,19640,1,0,0,24528,0,0,4,124288,0,0,0,7012,0,0,6,30442,0,0
10,81929022,rs138254262,G,A,"gnomAD Exomes,gnomAD Genomes",PASS,PASS,p.Gly88Gly,c.264C>T(p.=),c.264C>T,synonymous_variant,,88,274432,0.0003206623134328358,0,0,71,23278,0,0,14,35038,0,0,0,10120,0,0,0,19642,0,0,0,24552,0,0,2,124348,0,0,0,7020,0,0,1,30434,0,0
10,81929024,rs1415602856,CA,C,gnomAD Exomes,PASS,NA,p.Gly88AlafsTer63,p.Gly88AlafsTer63,c.261delT,frameshift_variant,,1,243694,0.000004103506856959958,0,0,1,14716,0,0,0,34204,0,0,0,9836,0,0,0,18116,0,0,0,21098,0,0,0,109294,0,0,0,5964,0,0,0,30466,0,0
10,81929026,rs750354161,G,A,gnomAD Exomes,PASS,NA,p.Pro87Leu,p.Pro87Leu,c.260C>T,missense_variant,,6,243762,0.000024614172840721687,0,0,0,14784,0,0,0,34198,0,0,0,9828,0,0,0,18100,0,0,0,21080,0,0,4,109328,0,0,0,5974,0,0,2,30470,0,0
10,81929027,rs766021254,G,T,gnomAD Exomes,PASS,NA,p.Pro87Thr,p.Pro87Thr,c.259C>A,missense_variant,,2,243954,0.000008198266886380219,0,0,0,14834,0,0,0,34212,0,0,0,9848,0,0,0,18100,0,0,0,21066,0,0,2,109450,0,0,0,5978,0,0,0,30466,0,0
10,81929028,rs1310332184,G,T,gnomAD Exomes,PASS,NA,p.Pro86Pro,c.258C>A(p.=),c.258C>A,synonymous_variant,,1,243602,0.0000041050566087306346,0,0,0,14764,0,0,0,34208,0,0,0,9838,0,0,1,18082,0,0,0,20978,0,0,0,109284,0,0,0,5978,0,0,0,30470,0,0
10,81929030,rs370118606,G,A,gnomAD Exomes,PASS,NA,p.Pro86Ser,p.Pro86Ser,c.256C>T,missense_variant,,1,243730,0.000004102900750830837,0,0,0,14808,0,0,1,34208,0,0,0,9840,0,0,0,18084,0,0,0,21000,0,0,0,109338,0,0,0,5978,0,0,0,30474,0,0
10,81929031,rs769937224,CACTGGTGGGT,C,gnomAD Exomes,PASS,NA,p.Tyr82CysfsTer66,p.Tyr82CysfsTer66,c.245_254delACCCACCAGT,frameshift_variant,,1,243848,0.000004100915324300384,0,0,0,14826,0,0,0,34222,0,0,0,9844,0,0,0,18098,0,0,0,21024,0,0,0,109376,0,0,0,5974,0,0,1,30484,0,0
10,81929033,rs752902480,C,T,gnomAD Exomes,PASS,NA,p.Val85Met,p.Val85Met,c.253G>A,missense_variant,,2,243998,0.000008196788498266379,0,0,0,14892,0,0,0,34234,0,0,0,9848,0,0,2,18094,0,0,0,20996,0,0,0,109466,0,0,0,5982,0,0,0,30486,0,0
10,81929034,rs756320435,T,G,gnomAD Exomes,PASS,NA,p.Pro84Pro,c.252A>C(p.=),c.252A>C,synonymous_variant,,1,244052,0.000004097487420713618,0,0,0,14902,0,0,0,34244,0,0,0,9850,0,0,0,18098,0,0,0,20990,0,0,0,109502,0,0,0,5980,0,0,1,30486,0,0
10,81929036,rs778024812,G,A,gnomAD Exomes,PASS,NA,p.Pro84Ser,p.Pro84Ser,c.250C>T,missense_variant,,1,244206,0.000004094903483124903,0,0,0,14966,0,0,0,34242,0,0,0,9850,0,0,0,18098,0,0,0,20972,0,0,1,109612,0,0,0,5984,0,0,0,30482,0,0
10,81929041,rs1251476379,T,G,gnomAD Exomes,PASS,NA,p.Tyr82Ser,p.Tyr82Ser,c.245A>C,missense_variant,,1,244268,0.000004093864116462247,0,0,0,14974,0,0,0,34252,0,0,0,9874,0,0,0,18102,0,0,0,20896,0,0,1,109684,0,0,0,5996,0,0,0,30490,0,0
10,81929045,rs775716532,CAGCCCCAGG,C,"gnomAD Exomes,gnomAD Genomes",PASS,PASS,p.Pro78_Ala80del,p.Pro78_Ala80del,c.232_240delCCTGGGGCT,inframe_deletion,,42,275900,0.00015222906850308082,1,0,0,23732,0,0,0,35138,0,0,0,10178,0,0,0,19656,0,0,21,24344,0,0,16,125272,0,0,5,7086,1,0,0,30494,0,0
10,81929046,rs763231253,AGCCCCAGGG,A,"gnomAD Exomes,gnomAD Genomes",PASS,PASS,p.Pro78_Ala80del,p.Pro78_Ala80del,c.231_239delCCCTGGGGC,inframe_deletion,,30,275972,0.00010870668038786543,0,0,24,23750,0,0,4,35148,0,0,0,10176,0,0,0,19652,0,0,0,24314,0,0,0,125350,0,0,2,7094,0,0,0,30488,0,0
10,81929047,rs773831982,G,A,gnomAD Exomes,PASS,NA,p.Ala80Val,p.Ala80Val,c.239C>T,missense_variant,,1,243574,0.000004105528504684408,0,0,0,14954,0,0,0,34246,0,0,0,9872,0,0,0,18060,0,0,0,20490,0,0,1,109528,0,0,0,6000,0,0,0,30424,0,0
10,81929047,rs773831982,GCC,G,gnomAD Exomes,PASS,NA,p.Ala80TrpfsTer116,p.Ala80TrpfsTer116,c.237_238delGG,frameshift_variant,,1,243574,0.000004105528504684408,0,0,0,14954,0,0,1,34246,0,0,0,9872,0,0,0,18060,0,0,0,20490,0,0,0,109528,0,0,0,6000,0,0,0,30424,0,0
10,81929048,rs149490039,C,T,"gnomAD Exomes,gnomAD Genomes",PASS,PASS,p.Ala80Thr,p.Ala80Thr,c.238G>A,missense_variant,,9,274922,0.00003273655800554339,0,0,9,23644,0,0,0,35088,0,0,0,10172,0,0,0,19610,0,0,0,23958,0,0,0,124942,0,0,0,7084,0,0,0,30424,0,0
10,81929055,rs757846283,G,A,gnomAD Exomes,PASS,NA,p.Ala77Ala,c.231C>T(p.=),c.231C>T,synonymous_variant,,1,244144,0.000004095943377678747,0,0,0,15052,0,0,0,34292,0,0,0,9904,0,0,1,18086,0,0,0,20466,0,0,0,109880,0,0,0,6004,0,0,0,30460,0,0
10,81929061,rs779634089,A,C,gnomAD Exomes,PASS,NA,p.Pro75Pro,c.225T>G(p.=),c.225T>G,synonymous_variant,,1,244106,0.000004096580993502822,0,0,0,15074,0,0,0,34306,0,0,0,9902,0,0,0,18050,0,0,0,20348,0,0,1,109958,0,0,0,6014,0,0,0,30454,0,0
10,81929063,rs1424872965,G,C,gnomAD Exomes,PASS,NA,p.Pro75Ala,p.Pro75Ala,c.223C>G,missense_variant,,1,243932,0.0000040995031402194055,0,0,0,15108,0,0,0,34298,0,0,0,9900,0,0,0,18064,0,0,0,20130,0,0,1,109978,0,0,0,5996,0,0,0,30458,0,0
10,81929064,rs201350605,G,A,"gnomAD Exomes,gnomAD Genomes",PASS,PASS,p.Tyr74Tyr,c.222C>T(p.=),c.222C>T,synonymous_variant,,13,275256,0.0000472287615892115,0,0,1,23798,0,0,5,35144,0,0,4,10194,0,0,0,19620,0,0,0,23602,0,0,2,125360,0,0,1,7082,0,0,0,30456,0,0
10,81929071,rs1388625798,T,C,gnomAD Genomes,NA,PASS,p.Asn72Ser,p.Asn72Ser,c.215A>G,missense_variant,,1,31230,0.00003202049311559398,0,0,0,8650,0,0,0,848,0,0,0,288,0,0,0,1558,0,0,1,3470,0,0,0,15332,0,0,0,1084,0,0,0,0,0,0
10,81929074,rs1348189169,G,A,"gnomAD Exomes,gnomAD Genomes",PASS,PASS,p.Pro71Leu,p.Pro71Leu,c.212C>T,missense_variant,,2,274588,0.000007283639488979854,0,0,0,23782,0,0,0,35152,0,0,0,10194,0,0,0,19624,0,0,0,22958,0,0,2,125344,0,0,0,7092,0,0,0,30442,0,0
10,81929077,rs1457417462,A,T,gnomAD Exomes,PASS,NA,p.Met70Lys,p.Met70Lys,c.209T>A,missense_variant,,1,243186,0.000004112078820326828,0,0,0,15112,0,0,1,34310,0,0,0,9904,0,0,0,18072,0,0,0,19310,0,0,0,110028,0,0,0,6004,0,0,0,30446,0,0
10,81929083,rs1332130939,G,T,gnomAD Exomes,PASS,NA,p.Ala68Asp,p.Ala68Asp,c.203C>A,missense_variant,,1,242404,0.000004125344466262933,0,0,0,15058,0,0,0,34310,0,0,0,9908,0,0,0,18060,0,0,0,18710,0,0,1,109922,0,0,0,5996,0,0,0,30440,0,0
10,81929083,rs1332130939,G,A,gnomAD Exomes,PASS,NA,p.Ala68Val,p.Ala68Val,c.203C>T,missense_variant,,1,242404,0.000004125344466262933,0,0,0,15058,0,0,0,34310,0,0,0,9908,0,0,0,18060,0,0,0,18710,0,0,1,109922,0,0,0,5996,0,0,0,30440,0,0
10,81929095,rs560648660,G,A,gnomAD Exomes,PASS,NA,p.Thr64Ile,p.Thr64Ile,c.191C>T,missense_variant,,176,241290,0.0007294127398566041,3,0,0,15022,0,0,0,34314,0,0,0,9900,0,0,0,18034,0,0,0,17822,0,0,0,109796,0,0,2,5974,0,0,174,30428,3,0
10,81929096,rs775879177,T,C,gnomAD Exomes,PASS,NA,p.Thr64Ala,p.Thr64Ala,c.190A>G,missense_variant,,3,241124,0.000012441731225427581,0,0,0,15014,0,0,0,34302,0,0,0,9890,0,0,0,18034,0,0,0,17730,0,0,0,109758,0,0,0,5970,0,0,3,30426,0,0
10,81929102,rs1329021210,A,T,"gnomAD Exomes,gnomAD Genomes",PASS,PASS,p.Ser62Thr,p.Ser62Thr,c.184T>A,missense_variant,,6,271604,0.000022090985405222308,0,0,0,23648,0,0,0,35142,0,0,0,10170,0,0,0,19586,0,0,0,20532,0,0,6,125074,0,0,0,7054,0,0,0,30398,0,0
10,81929104,rs1372402090,A,G,gnomAD Exomes,PASS,NA,p.Met61Thr,p.Met61Thr,c.182T>C,missense_variant,,6,239734,0.00002502773907747754,0,0,0,14936,0,0,1,34278,0,0,0,9874,0,0,0,18030,0,0,0,16688,0,0,1,109600,0,0,0,5962,0,0,4,30366,0,0
10,81929105,rs746660284,T,C,gnomAD Exomes,PASS,NA,p.Met61Val,p.Met61Val,c.181A>G,missense_variant,,1,239636,0.00000417299571016041,0,0,0,14944,0,0,0,34272,0,0,0,9880,0,0,0,18026,0,0,0,16596,0,0,0,109592,0,0,0,5956,0,0,1,30370,0,0
10,81929107,rs1314843479,T,C,gnomAD Exomes,PASS,NA,p.Asn60Ser,p.Asn60Ser,c.179A>G,missense_variant,,1,239244,0.0000041798331410610084,0,0,0,14926,0,0,0,34260,0,0,0,9876,0,0,0,18030,0,0,0,16318,0,0,1,109534,0,0,0,5950,0,0,0,30350,0,0
10,81929111,rs867740433,C,T,gnomAD Genomes,NA,PASS,p.Ala59Thr,p.Ala59Thr,c.175G>A,missense_variant,,1,31314,0.00003193459794341189,0,0,1,8676,0,0,0,848,0,0,0,290,0,0,0,1558,0,0,0,3474,0,0,0,15382,0,0,0,1086,0,0,0,0,0,0
10,81929112,rs143915496,C,G,"gnomAD Exomes,gnomAD Genomes",PASS,PASS,c.174G>C,c.174G>C(p.=),c.174G>C,splice_region_variant,,14,269226,0.00005200092115917482,0,0,2,23506,0,0,7,35058,0,0,0,10134,0,0,0,19578,0,0,0,18958,0,0,5,124660,0,0,0,7030,0,0,0,30302,0,0
10,81929112,rs143915496,C,T,"gnomAD Exomes,gnomAD Genomes",PASS,PASS,c.174G>A,c.174G>A(p.=),c.174G>A,splice_region_variant,,31,269226,0.00011514489685245853,0,0,0,23506,0,0,1,35058,0,0,0,10134,0,0,0,19578,0,0,0,18958,0,0,29,124660,0,0,1,7030,0,0,0,30302,0,0
10,81929113,rs761377370,G,A,gnomAD Exomes,PASS,NA,p.Ala58Val,p.Ala58Val,c.173C>T,missense_variant,,4,237614,0.000016834024931190923,0,0,0,14802,0,0,0,34206,0,0,0,9846,0,0,0,18012,0,0,1,15368,0,0,1,109180,0,0,0,5944,0,0,2,30256,0,0
10,81929129,rs925389234,A,G,gnomAD Genomes,NA,PASS,c.172-15T>C,,c.172-15T>C,intron_variant,,2,31312,0.00006387327542156362,0,0,2,8672,0,0,0,848,0,0,0,290,0,0,0,1558,0,0,0,3474,0,0,0,15386,0,0,0,1084,0,0,0,0,0,0
10,81929137,rs773184565,C,T,gnomAD Exomes,PASS,NA,c.172-23G>A,,c.172-23G>A,intron_variant,,1,234102,0.000004271642275589273,0,0,1,14516,0,0,0,34066,0,0,0,9766,0,0,0,17966,0,0,0,13458,0,0,0,108408,0,0,0,5888,0,0,0,30034,0,0
10,81929139,rs529882725,G,A,"gnomAD Exomes,gnomAD Genomes",PASS,PASS,c.172-25C>T,,c.172-25C>T,intron_variant,,2,264696,0.000007555837640160788,0,0,0,23162,0,0,0,34880,0,0,0,10050,0,0,1,19518,0,0,0,16662,0,0,1,123526,0,0,0,6946,0,0,0,29952,0,0
10,81929142,rs1183978163,G,A,gnomAD Genomes,NA,PASS,c.172-28C>T,,c.172-28C>T,intron_variant,,1,31334,0.00003191421459117891,0,0,0,8690,0,0,0,848,0,0,0,290,0,0,0,1560,0,0,0,3474,0,0,1,15388,0,0,0,1084,0,0,0,0,0,0
10,81929146,rs759106917,A,G,"gnomAD Exomes,gnomAD Genomes",PASS,PASS,c.172-32T>C,,c.172-32T>C,intron_variant,,28,263488,0.00010626669905270829,0,0,0,23058,0,0,7,34792,0,0,0,10024,0,0,0,19464,0,0,0,16208,0,0,17,123158,0,0,4,6930,0,0,0,29854,0,0
10,81929147,rs764248996,TG,T,gnomAD Exomes,PASS,NA,c.172-34delC,,c.172-34delC,intron_variant,,1,231130,0.00000432656946307273,0,0,0,14272,0,0,0,33854,0,0,0,9692,0,0,1,17866,0,0,0,12444,0,0,0,107384,0,0,0,5832,0,0,0,29786,0,0
10,81929147,rs764248996,T,C,gnomAD Exomes,PASS,NA,c.172-33A>G,,c.172-33A>G,intron_variant,,1,231130,0.00000432656946307273,0,0,0,14272,0,0,1,33854,0,0,0,9692,0,0,0,17866,0,0,0,12444,0,0,0,107384,0,0,0,5832,0,0,0,29786,0,0
10,81929164,rs764348089,C,T,gnomAD Exomes,PASS,NA,c.172-50G>A,,c.172-50G>A,intron_variant,,7,220538,0.00003174056171725508,0,0,0,13436,0,0,0,32794,0,0,0,9436,0,0,0,17246,0,0,0,10990,0,0,6,102180,0,0,0,5624,0,0,1,28832,0,0
10,81929164,rs764348089,C,CGTCCCTCCACCCTTTTTCATACCTA,gnomAD Exomes,PASS,NA,c.172-75_172-51dupTAGGTATGAAAAAGGGTGGAGGGAC,,c.172-75_172-51dupTAGGTATGAAAAAGGGTGGAGGGAC,intron_variant,,1,220538,0.000004534365959607868,0,0,0,13436,0,0,0,32794,0,0,0,9436,0,0,1,17246,0,0,0,10990,0,0,0,102180,0,0,0,5624,0,0,0,28832,0,0
10,81929165,rs367842198,G,A,"gnomAD Exomes,gnomAD Genomes",PASS,PASS,c.172-51C>T,,c.172-51C>T,intron_variant,,12,251716,0.00004767277407872364,0,0,0,22122,0,0,1,33644,0,0,0,9730,0,0,10,18804,0,0,0,14476,0,0,1,117428,0,0,0,6708,0,0,0,28804,0,0
10,81929173,rs1406820278,AC,A,gnomAD Genomes,NA,PASS,c.172-60delG,,c.172-60delG,intron_variant,,1,31282,0.00003196726552010741,0,0,0,8666,0,0,0,848,0,0,0,290,0,0,0,1560,0,0,0,3470,0,0,1,15360,0,0,0,1088,0,0,0,0,0,0
10,81930510,rs370634827,C,T,"gnomAD Exomes,gnomAD Genomes",PASS,PASS,c.171+46G>A,,c.171+46G>A,intron_variant,,5,166188,0.00003008640816424772,0,0,4,20468,0,0,0,12464,0,0,0,2688,0,0,0,11356,0,0,0,19772,0,0,0,86792,0,0,0,3606,0,0,1,9042,0,0
10,81930512,rs375278847,C,A,"gnomAD Exomes,gnomAD Genomes",PASS,PASS,c.171+44G>T,,c.171+44G>T,intron_variant,,3,166344,0.00001803491559659501,0,0,0,20498,0,0,0,12442,0,0,0,2702,0,0,0,11380,0,0,0,19802,0,0,2,86868,0,0,1,3608,0,0,0,9044,0,0
10,81930516,rs746388798,T,C,"gnomAD Exomes,gnomAD Genomes",PASS,PASS,c.171+40A>G,,c.171+40A>G,intron_variant,,4,168294,0.00002376792993214256,0,0,0,20702,0,0,0,12756,0,0,0,2750,0,0,0,11654,0,0,0,19852,0,0,4,87716,0,0,0,3662,0,0,0,9202,0,0
10,81930517,rs758887998,G,A,"gnomAD Exomes,gnomAD Genomes",PASS,PASS,c.171+39C>T,,c.171+39C>T,intron_variant,,7,168490,0.00004154549231408392,0,0,7,20736,0,0,0,12782,0,0,0,2756,0,0,0,11640,0,0,0,19858,0,0,0,87846,0,0,0,3676,0,0,0,9196,0,0
10,81930527,rs780294231,G,T,gnomAD Exomes,PASS,NA,c.171+29C>A,,c.171+29C>A,intron_variant,,1,139658,0.000007160348852196079,0,0,0,12324,0,0,0,12346,0,0,0,2548,0,0,0,10446,0,0,0,16460,0,0,1,73436,0,0,0,2698,0,0,0,9400,0,0
10,81930528,rs747332347,G,A,gnomAD Exomes,PASS,NA,c.171+28C>T,,c.171+28C>T,intron_variant,,1,139608,0.000007162913300097416,0,0,0,12310,0,0,0,12340,0,0,0,2552,0,0,0,10438,0,0,0,16464,0,0,1,73418,0,0,0,2686,0,0,0,9400,0,0
10,81930537,rs12269637,G,A,"gnomAD Exomes,gnomAD Genomes",PASS,PASS,c.171+19C>T,,c.171+19C>T,intron_variant,,1136,172494,0.006585736315466045,33,0,1062,21154,33,0,47,13428,0,0,0,2896,0,0,0,12218,0,0,0,19986,0,0,15,89474,0,0,11,3818,0,0,1,9520,0,0
10,81930537,rs12269637,G,C,gnomAD Exomes,PASS,NA,c.171+19C>G,,c.171+19C>G,intron_variant,,1,141116,0.0000070863686612432325,0,0,0,12448,0,0,0,12580,0,0,0,2606,0,0,0,10658,0,0,0,16514,0,0,1,74058,0,0,0,2732,0,0,0,9520,0,0
10,81930543,rs747777611,G,A,gnomAD Exomes,PASS,NA,c.171+13C>T,,c.171+13C>T,intron_variant,,1,149842,0.000006673696293429078,0,0,1,13264,0,0,0,14248,0,0,0,2818,0,0,0,12026,0,0,0,16698,0,0,0,77354,0,0,0,3080,0,0,0,10354,0,0
10,81930545,rs769335235,G,A,gnomAD Exomes,PASS,NA,c.171+11C>T,,c.171+11C>T,intron_variant,,1,150498,0.000006644606572844822,0,0,1,13354,0,0,0,14358,0,0,0,2836,0,0,0,12104,0,0,0,16722,0,0,0,77594,0,0,0,3090,0,0,0,10440,0,0
10,81930548,rs772739108,G,A,gnomAD Exomes,PASS,NA,c.171+8C>T,,c.171+8C>T,splice_region_variant,,2,151774,0.000013177487580217955,0,0,0,13476,0,0,0,14656,0,0,0,2864,0,0,0,12260,0,0,0,16756,0,0,1,78088,0,0,0,3144,0,0,1,10530,0,0
10,81930549,rs1265424045,G,T,gnomAD Exomes,PASS,NA,c.171+7C>A,,c.171+7C>A,splice_region_variant,,1,153528,0.000006513469855661508,0,0,0,13664,0,0,0,15022,0,0,0,2902,0,0,0,12506,0,0,1,16780,0,0,0,78692,0,0,0,3192,0,0,0,10770,0,0
10,81930556,rs148614357,C,A,gnomAD Exomes,PASS,NA,p.Met57Ile,p.Met57Ile,c.171G>T,missense_variant,,2,154786,0.000012921065212616129,0,0,0,13732,0,0,0,15320,0,0,0,2942,0,0,0,12648,0,0,0,16824,0,0,2,79158,0,0,0,3214,0,0,0,10948,0,0
10,81930562,rs372441196,C,T,"gnomAD Exomes,gnomAD Genomes",PASS,PASS,p.Ser55Ser,c.165G>A(p.=),c.165G>A,synonymous_variant,,3,187040,0.000016039349871685202,0,0,0,22396,0,0,1,16418,0,0,0,3292,0,0,0,14332,0,0,0,20340,0,0,2,94806,0,0,0,4346,0,0,0,11110,0,0
10,81930563,rs1416413633,G,A,gnomAD Exomes,PASS,NA,p.Ser55Leu,p.Ser55Leu,c.164C>T,missense_variant,,2,154452,0.000012949006811177582,0,0,0,13560,0,0,0,15388,0,0,0,2958,0,0,1,12598,0,0,0,16858,0,0,0,78898,0,0,0,3212,0,0,1,10980,0,0
10,81930569,rs766285457,T,C,gnomAD Exomes,PASS,NA,p.Tyr53Cys,p.Tyr53Cys,c.158A>G,missense_variant,,5,154724,0.00003231560714562705,0,0,0,13490,0,0,0,15606,0,0,0,3022,0,0,0,12568,0,0,0,16920,0,0,5,78850,0,0,0,3236,0,0,0,11032,0,0
10,81930569,rs766285457,T,G,gnomAD Exomes,PASS,NA,p.Tyr53Ser,p.Tyr53Ser,c.158A>C,missense_variant,,1,154724,0.0000064631214291254106,0,0,0,13490,0,0,1,15606,0,0,0,3022,0,0,0,12568,0,0,0,16920,0,0,0,78850,0,0,0,3236,0,0,0,11032,0,0
10,81930573,rs774025846,C,A,gnomAD Exomes,PASS,NA,p.Asp52Tyr,p.Asp52Tyr,c.154G>T,missense_variant,,2,156908,0.000012746322685905116,0,0,0,13662,0,0,0,16056,0,0,0,3104,0,0,0,12826,0,0,0,16994,0,0,2,79604,0,0,0,3310,0,0,0,11352,0,0
10,81930578,rs759444739,T,G,gnomAD Exomes,PASS,NA,p.Asn50Thr,p.Asn50Thr,c.149A>C,missense_variant,,4,155500,0.00002572347266881029,0,0,0,13452,0,0,4,15918,0,0,0,3078,0,0,0,12526,0,0,0,17050,0,0,0,78912,0,0,0,3234,0,0,0,11330,0,0
10,81930581,rs1342302979,A,C,"gnomAD Exomes,gnomAD Genomes",PASS,PASS,p.Phe49Cys,p.Phe49Cys,c.146T>G,missense_variant,,2,188554,0.000010607040953785123,0,0,0,22290,0,0,0,17114,0,0,0,3432,0,0,0,14232,0,0,0,20612,0,0,2,94990,0,0,0,4376,0,0,0,11508,0,0
10,81930584,rs1397516067,T,C,gnomAD Exomes,PASS,NA,p.Gln48Arg,p.Gln48Arg,c.143A>G,missense_variant,,1,156706,0.0000063813765905581155,0,0,0,13492,0,0,0,16106,0,0,0,3172,0,0,0,12574,0,0,0,17138,0,0,1,79432,0,0,0,3278,0,0,0,11514,0,0
10,81930589,rs566845494,C,T,gnomAD Exomes,PASS,NA,p.Ala46Ala,c.138G>A(p.=),c.138G>A,synonymous_variant,,1,166584,0.000006002977476828507,0,0,0,14064,0,0,0,18324,0,0,0,3678,0,0,0,13582,0,0,0,17572,0,0,1,82584,0,0,0,3542,0,0,0,13238,0,0
10,81930589,rs566845494,C,G,gnomAD Exomes,PASS,NA,p.Ala46Ala,c.138G>C(p.=),c.138G>C,synonymous_variant,,1,166584,0.000006002977476828507,0,0,0,14064,0,0,1,18324,0,0,0,3678,0,0,0,13582,0,0,0,17572,0,0,0,82584,0,0,0,3542,0,0,0,13238,0,0
10,81930590,rs762084152,G,A,gnomAD Exomes,PASS,NA,p.Ala46Val,p.Ala46Val,c.137C>T,missense_variant,,2,165834,0.000012060253024108445,0,0,0,13962,0,0,0,18184,0,0,0,3676,0,0,0,13416,0,0,0,17626,0,0,2,82212,0,0,0,3508,0,0,0,13250,0,0
10,81930592,rs765425126,A,G,"gnomAD Exomes,gnomAD Genomes",PASS,PASS,p.Tyr45Tyr,c.135T>C(p.=),c.135T>C,synonymous_variant,,5,198708,0.000025162550073474645,0,0,4,22818,0,0,0,19206,0,0,0,4034,0,0,0,15136,0,0,0,21124,0,0,1,98260,0,0,0,4656,0,0,0,13474,0,0
10,81930595,rs750455410,G,A,gnomAD Exomes,PASS,NA,p.Thr44Thr,c.132C>T(p.=),c.132C>T,synonymous_variant,,1,167836,0.000005958197287828595,0,0,0,14006,0,0,0,18398,0,0,0,3832,0,0,0,13554,0,0,0,17716,0,0,1,83052,0,0,0,3574,0,0,0,13704,0,0
10,81930597,rs539258237,T,C,gnomAD Exomes,PASS,NA,p.Thr44Ala,p.Thr44Ala,c.130A>G,missense_variant,,3,167272,0.000017934860586350376,0,0,0,13968,0,0,2,18280,0,0,0,3812,0,0,0,13436,0,0,0,17682,0,0,1,82778,0,0,0,3578,0,0,0,13738,0,0
10,81930601,rs375769936,C,T,"gnomAD Exomes,gnomAD Genomes",PASS,PASS,p.Val42Val,c.126G>A(p.=),c.126G>A,synonymous_variant,,3,199310,0.000015051929155586774,0,0,3,22652,0,0,0,19118,0,0,0,4178,0,0,0,14926,0,0,0,21240,0,0,0,98436,0,0,0,4674,0,0,0,14086,0,0
10,81930603,rs764886073,C,T,gnomAD Exomes,PASS,NA,p.Val42Met,p.Val42Met,c.124G>A,missense_variant,,8,171760,0.000046576618537494175,0,0,0,14054,0,0,2,19130,0,0,0,4186,0,0,2,13626,0,0,0,17950,0,0,3,84290,0,0,0,3708,0,0,1,14816,0,0
10,81930604,rs1802935,G,A,"gnomAD Exomes,gnomAD Genomes",PASS,PASS,p.Asn41Asn,c.123C>T(p.=),c.123C>T,synonymous_variant,,2,204124,0.000009797965942270385,0,0,0,22778,0,0,0,20126,0,0,0,4540,0,0,0,15192,0,0,0,21494,0,0,2,100054,0,0,0,4836,0,0,0,15104,0,0
10,81930606,rs755383293,T,C,gnomAD Exomes,PASS,NA,p.Asn41Asp,p.Asn41Asp,c.121A>G,missense_variant,,1,174066,0.000005744947318833086,0,0,0,14118,0,0,0,19356,0,0,0,4366,0,0,1,13714,0,0,0,18106,0,0,0,85198,0,0,0,3770,0,0,0,15438,0,0
10,81930608,rs1247392012,T,C,gnomAD Exomes,PASS,NA,p.Asp40Gly,p.Asp40Gly,c.119A>G,missense_variant,,2,174858,0.000011437852428827963,0,0,0,14114,0,0,0,19482,0,0,0,4434,0,0,0,13652,0,0,0,18160,0,0,2,85504,0,0,0,3816,0,0,0,15696,0,0
10,81930609,rs368751524,C,G,gnomAD Exomes,PASS,NA,p.Asp40His,p.Asp40His,c.118G>C,missense_variant,,1,175606,0.000005694566244889127,0,0,0,14152,0,0,0,19618,0,0,0,4506,0,0,0,13696,0,0,0,18226,0,0,1,85732,0,0,0,3830,0,0,0,15846,0,0
10,81930615,rs142083484,C,T,"gnomAD Exomes,gnomAD Genomes",PASS,PASS,p.Gly38Arg,p.Gly38Arg,c.112G>A,missense_variant,,9,214868,0.00004188618128339259,0,0,0,22992,0,0,0,22010,0,0,0,5410,0,0,0,15560,0,0,0,22182,0,0,8,103830,0,0,0,5120,0,0,1,17764,0,0
10,81930616,rs199500343,G,A,gnomAD Exomes,PASS,NA,p.Ile37Ile,c.111C>T(p.=),c.111C>T,synonymous_variant,,2,185400,0.000010787486515641855,0,0,0,14322,0,0,0,21358,0,0,0,5282,0,0,1,14058,0,0,0,18822,0,0,1,89228,0,0,0,4064,0,0,0,18266,0,0
10,81930619,rs777164786,G,A,gnomAD Exomes,PASS,NA,p.Pro36Pro,c.108C>T(p.=),c.108C>T,synonymous_variant,,1,186066,0.000005374437027721346,0,0,0,14310,0,0,0,21052,0,0,0,5408,0,0,1,13972,0,0,0,18890,0,0,0,89842,0,0,0,4058,0,0,0,18534,0,0
10,81930620,rs199988035,G,A,gnomAD Exomes,PASS,NA,p.Pro36Leu,p.Pro36Leu,c.107C>T,missense_variant,,1,187342,0.000005337831345880795,0,0,0,14296,0,0,0,21230,0,0,0,5542,0,0,0,14044,0,0,0,18980,0,0,1,90278,0,0,0,4124,0,0,0,18848,0,0
10,81930620,rs199988035,G,T,"gnomAD Exomes,gnomAD Genomes",PASS,PASS,p.Pro36His,p.Pro36His,c.107C>A,missense_variant,,13,218720,0.000059436722750548644,0,0,12,23000,0,0,0,22078,0,0,0,5832,0,0,0,15604,0,0,0,22454,0,0,0,105692,0,0,1,5212,0,0,0,18848,0,0
10,81930621,rs552333269,G,T,gnomAD Exomes,PASS,NA,p.Pro36Thr,p.Pro36Thr,c.106C>A,missense_variant,,1,188910,0.000005293526017680377,0,0,0,14376,0,0,1,21528,0,0,0,5686,0,0,0,14118,0,0,0,19058,0,0,0,90756,0,0,0,4180,0,0,0,19208,0,0
10,81930624,rs147346614,G,A,"gnomAD Exomes,gnomAD Genomes",PASS,PASS,p.Pro35Ser,p.Pro35Ser,c.103C>T,missense_variant,,2,227976,0.000008772853282801699,0,0,0,23178,0,0,0,24442,0,0,0,6526,0,0,0,16060,0,0,0,22966,0,0,2,108552,0,0,0,5528,0,0,0,20724,0,0
10,81930624,rs147346614,G,C,"gnomAD Exomes,gnomAD Genomes",PASS,PASS,p.Pro35Ala,p.Pro35Ala,c.103C>G,missense_variant,,27,227976,0.00011843351931782293,0,0,21,23178,0,0,4,24442,0,0,0,6526,0,0,0,16060,0,0,0,22966,0,0,2,108552,0,0,0,5528,0,0,0,20724,0,0
10,81930625,rs775371260,C,T,"gnomAD Exomes,gnomAD Genomes",PASS,PASS,p.Met1?,p.Met1?,c.3G>A,start_lost,,7,228536,0.000030629747610879685,0,0,0,23154,0,0,0,24454,0,0,0,6598,0,0,0,16080,0,0,0,23032,0,0,7,108826,0,0,0,5540,0,0,0,20852,0,0
10,81930627,rs762135310,T,C,gnomAD Exomes,PASS,NA,p.Met1?,p.Met1?,c.1A>G,start_lost,,2,201806,0.00000991050811175089,0,0,0,14580,0,0,0,24418,0,0,0,6744,0,0,0,14768,0,0,0,19732,0,0,2,95140,0,0,0,4560,0,0,0,21864,0,0
10,81930628,rs750606217,G,A,gnomAD Exomes,PASS,NA,p.Ser33Ser,c.99C>T(p.=),c.99C>T,synonymous_variant,,2,202584,0.000009872447972199186,0,0,0,14600,0,0,0,24484,0,0,0,6824,0,0,1,14798,0,0,0,19778,0,0,0,95468,0,0,1,4586,0,0,0,22046,0,0
10,81930633,rs763149328,G,T,gnomAD Exomes,PASS,NA,p.Pro32Thr,p.Pro32Thr,c.94C>A,missense_variant,,1,211518,0.000004727730027704498,0,0,0,14850,0,0,0,26484,0,0,0,7534,0,0,0,15344,0,0,0,20178,0,0,1,98648,0,0,0,4844,0,0,0,23636,0,0
10,81930634,rs139801764,C,A,gnomAD Exomes,PASS,NA,p.Pro31Pro,c.93G>T(p.=),c.93G>T,synonymous_variant,,1,210818,0.000004743427980532971,0,0,0,14786,0,0,0,26342,0,0,0,7478,0,0,0,15244,0,0,0,20180,0,0,1,98412,0,0,0,4834,0,0,0,23542,0,0
10,81930634,rs139801764,C,T,"gnomAD Exomes,gnomAD Genomes",PASS,PASS,p.Pro31Pro,c.93G>A(p.=),c.93G>A,synonymous_variant,,24,242170,0.00009910393525209563,0,0,2,23476,0,0,8,27190,0,0,1,7768,0,0,2,16802,0,0,0,23654,0,0,10,113816,0,0,1,5922,0,0,0,23542,0,0
10,81930635,rs369132942,G,A,"gnomAD Exomes,gnomAD Genomes",PASS,PASS,p.Pro31Leu,p.Pro31Leu,c.92C>T,missense_variant,,7,243846,0.000028706642717124743,0,0,1,23496,0,0,2,27466,0,0,1,7928,0,0,0,16862,0,0,0,23766,0,0,2,114416,0,0,0,5966,0,0,1,23946,0,0
10,81930635,rs369132942,G,C,gnomAD Exomes,PASS,NA,p.Pro31Arg,p.Pro31Arg,c.92C>G,missense_variant,,1,212490,0.000004706103816650195,0,0,0,14800,0,0,0,26618,0,0,0,7638,0,0,1,15304,0,0,0,20292,0,0,0,99014,0,0,0,4878,0,0,0,23946,0,0
10,81930637,rs781559715,A,C,"gnomAD Exomes,gnomAD Genomes",PASS,PASS,p.Pro30Pro,c.90T>G(p.=),c.90T>G,synonymous_variant,,4,245376,0.00001630151278038602,0,0,0,23544,0,0,0,27686,0,0,0,8058,0,0,0,16970,0,0,3,23830,0,0,1,115048,0,0,0,5996,0,0,0,24244,0,0
10,81930638,rs758548370,G,C,"gnomAD Exomes,gnomAD Genomes",PASS,PASS,p.Pro30Arg,p.Pro30Arg,c.89C>G,missense_variant,,20,246370,0.00008117871494094248,0,0,0,23564,0,0,0,27854,0,0,0,8112,0,0,0,17048,0,0,3,23888,0,0,17,115458,0,0,0,6024,0,0,0,24422,0,0
10,81930641,rs755771266,G,C,gnomAD Exomes,PASS,NA,p.Pro29Arg,p.Pro29Arg,c.86C>G,missense_variant,,2,218314,0.000009161116556885953,0,0,0,15080,0,0,0,27726,0,0,0,8076,0,0,0,15726,0,0,0,20498,0,0,2,101200,0,0,0,5046,0,0,0,24962,0,0
10,81930648,rs777552996,C,T,gnomAD Exomes,PASS,NA,p.Ala27Thr,p.Ala27Thr,c.79G>A,missense_variant,,2,219974,0.000009091983598061589,0,0,0,15110,0,0,0,28138,0,0,0,8224,0,0,0,15856,0,0,0,20576,0,0,1,101714,0,0,0,5100,0,0,1,25256,0,0
10,81930648,rs777552996,C,G,gnomAD Exomes,PASS,NA,p.Ala27Pro,p.Ala27Pro,c.79G>C,missense_variant,,1,219974,0.0000045459917990307945,0,0,0,15110,0,0,0,28138,0,0,0,8224,0,0,0,15856,0,0,0,20576,0,0,1,101714,0,0,0,5100,0,0,0,25256,0,0
10,81930653,rs770526320,C,T,gnomAD Exomes,PASS,NA,p.Gly25Asp,p.Gly25Asp,c.74G>A,missense_variant,,2,221554,0.000009027144623884019,0,0,0,15200,0,0,0,28358,0,0,0,8360,0,0,0,15994,0,0,0,20626,0,0,2,102338,0,0,0,5150,0,0,0,25528,0,0
10,81930653,rs770526320,C,G,gnomAD Exomes,PASS,NA,p.Gly25Ala,p.Gly25Ala,c.74G>C,missense_variant,,1,221554,0.000004513572311942009,0,0,0,15200,0,0,0,28358,0,0,0,8360,0,0,0,15994,0,0,0,20626,0,0,1,102338,0,0,0,5150,0,0,0,25528,0,0
10,81930671,rs745820007,C,T,gnomAD Exomes,PASS,NA,p.Gly19Asp,p.Gly19Asp,c.56G>A,missense_variant,,2,227168,0.000008804056909423863,0,0,0,15394,0,0,0,29500,0,0,0,8734,0,0,0,16614,0,0,0,20756,0,0,2,104302,0,0,0,5284,0,0,0,26584,0,0
10,81930690,rs1321018161,C,T,gnomAD Exomes,PASS,NA,c.56-19G>A,,c.56-19G>A,intron_variant,,5,213866,0.00002337912524664977,0,0,0,14290,0,0,0,27980,0,0,0,7998,0,0,5,15956,0,0,0,19786,0,0,0,97984,0,0,0,4946,0,0,0,24926,0,0
10,81930692,rs140397387,T,G,gnomAD Exomes,PASS,NA,c.56-21A>C,,c.56-21A>C,intron_variant,,4,213358,0.000018747832281892407,0,0,0,14274,0,0,0,27846,0,0,0,7978,0,0,4,15910,0,0,0,19778,0,0,0,97820,0,0,0,4932,0,0,0,24820,0,0
10,81930697,rs185354075,C,A,"gnomAD Exomes,gnomAD Genomes",PASS,PASS,c.56-26G>T,,c.56-26G>T,intron_variant,,3,240868,0.000012454954580932295,0,0,3,22932,0,0,0,27860,0,0,0,7948,0,0,0,17238,0,0,0,23018,0,0,0,112000,0,0,0,5960,0,0,0,23912,0,0
10,81930699,rs760613672,C,T,gnomAD Exomes,PASS,NA,c.56-28G>A,,c.56-28G>A,intron_variant,,1,201602,0.000004960268251307031,0,0,0,13874,0,0,0,25444,0,0,0,7184,0,0,0,15152,0,0,0,19134,0,0,1,93358,0,0,0,4686,0,0,0,22770,0,0
10,81930699,rs760613672,C,A,gnomAD Exomes,PASS,NA,c.56-28G>T,,c.56-28G>T,intron_variant,,1,201602,0.000004960268251307031,0,0,1,13874,0,0,0,25444,0,0,0,7184,0,0,0,15152,0,0,0,19134,0,0,0,93358,0,0,0,4686,0,0,0,22770,0,0
10,81930708,rs1238940830,T,G,gnomAD Exomes,PASS,NA,c.56-37A>C,,c.56-37A>C,intron_variant,,1,192752,0.000005188013613347722,0,0,0,13330,0,0,0,23780,0,0,0,6728,0,0,0,14578,0,0,0,18410,0,0,1,89896,0,0,0,4442,0,0,0,21588,0,0
10,81930710,rs1285238358,C,T,gnomAD Exomes,PASS,NA,c.56-39G>A,,c.56-39G>A,intron_variant,,1,188962,0.000005292069304939617,0,0,0,13052,0,0,0,23292,0,0,0,6480,0,0,0,14412,0,0,0,18118,0,0,1,88190,0,0,0,4344,0,0,0,21074,0,0
10,81930712,rs768322474,C,T,gnomAD Exomes,PASS,NA,c.56-41G>A,,c.56-41G>A,intron_variant,,1,188220,0.000005312931675698651,0,0,0,13006,0,0,0,23146,0,0,0,6502,0,0,0,14324,0,0,0,18136,0,0,1,87814,0,0,0,4300,0,0,0,20992,0,0
10,81930713,rs374973029,C,A,gnomAD Exomes,PASS,NA,c.56-42G>T,,c.56-42G>T,intron_variant,,1,187352,0.000005337546436653999,0,0,0,12964,0,0,0,23058,0,0,0,6490,0,0,0,14240,0,0,0,18072,0,0,0,87374,0,0,0,4316,0,0,1,20838,0,0
10,81930720,rs201810332,C,T,gnomAD Exomes,PASS,NA,c.56-49G>A,,c.56-49G>A,intron_variant,,3,176382,0.000017008538286219682,0,0,0,12154,0,0,0,21258,0,0,0,6152,0,0,0,13356,0,0,0,17138,0,0,2,82450,0,0,1,4086,0,0,0,19788,0,0
10,81930721,rs774365838,G,A,gnomAD Exomes,PASS,NA,c.56-50C>T,,c.56-50C>T,intron_variant,,4,178062,0.00002246408554323775,0,0,0,12170,0,0,1,21554,0,0,0,6310,0,0,0,13450,0,0,0,17220,0,0,3,83010,0,0,0,4100,0,0,0,20248,0,0
10,81930737,rs753201879,GA,G,gnomAD Exomes,PASS,NA,c.56-67delT,,c.56-67delT,intron_variant,,1,151836,0.000006586053373376538,0,0,1,9918,0,0,0,18904,0,0,0,5858,0,0,0,10838,0,0,0,14798,0,0,0,69324,0,0,0,3688,0,0,0,18508,0,0
10,81930740,rs756561692,A,G,gnomAD Exomes,PASS,NA,c.56-69T>C,,c.56-69T>C,intron_variant,,1,144040,0.000006942515967786726,0,0,1,9276,0,0,0,18014,0,0,0,5754,0,0,0,10096,0,0,0,14122,0,0,0,65280,0,0,0,3526,0,0,0,17972,0,0
10,81930742,rs966916623,C,T,gnomAD Exomes,PASS,NA,c.56-71G>A,,c.56-71G>A,intron_variant,,1,143780,0.000006955070246209487,0,0,0,9108,0,0,0,18676,0,0,0,5938,0,0,0,10096,0,0,0,13724,0,0,1,64404,0,0,0,3568,0,0,0,18266,0,0
10,81932509,rs75804987,C,T,gnomAD Genomes,NA,PASS,c.55+54G>A,,c.55+54G>A,intron_variant,,3149,31344,0.10046579887697805,180,0,419,8706,12,0,207,848,22,0,37,290,4,0,20,1560,1,0,336,3474,17,0,1994,15382,116,0,136,1084,8,0,0,0,0,0
10,81932512,rs761059401,C,T,gnomAD Exomes,PASS,NA,c.55+51G>A,,c.55+51G>A,intron_variant,,1,250682,0.0000039891176869500004,0,0,0,16230,0,0,1,34552,0,0,0,10046,0,0,0,18382,0,0,0,21386,0,0,0,113352,0,0,0,6126,0,0,0,30608,0,0
10,81932514,rs764538591,A,G,gnomAD Exomes,PASS,NA,c.55+49T>C,,c.55+49T>C,intron_variant,,1,250786,0.0000039874634150231675,0,0,0,16234,0,0,0,34550,0,0,0,10048,0,0,0,18380,0,0,0,21418,0,0,1,113418,0,0,0,6124,0,0,0,30614,0,0
10,81932515,rs1218756702,C,G,gnomAD Exomes,PASS,NA,c.55+48G>C,,c.55+48G>C,intron_variant,,1,250850,0.0000039864460833167235,0,0,0,16238,0,0,0,34552,0,0,0,10050,0,0,0,18384,0,0,0,21436,0,0,0,113452,0,0,0,6124,0,0,1,30614,0,0
10,81932515,rs1218756702,CT,C,gnomAD Genomes,NA,PASS,c.55+47delA,,c.55+47delA,intron_variant,,1,31358,0.000031889788889597554,0,0,1,8702,0,0,0,848,0,0,0,290,0,0,0,1560,0,0,0,3468,0,0,0,15402,0,0,0,1088,0,0,0,0,0,0
10,81932517,rs754088946,G,A,gnomAD Exomes,PASS,NA,c.55+46C>T,,c.55+46C>T,intron_variant,,2,250932,0.000007970286770918018,0,0,0,16236,0,0,1,34558,0,0,0,10054,0,0,0,18388,0,0,0,21448,0,0,1,113504,0,0,0,6130,0,0,0,30614,0,0
10,81932518,rs756936540,TAC,T,gnomAD Exomes,PASS,NA,c.55+43_55+44delGT,,c.55+43_55+44delGT,intron_variant,,2,250998,0.000007968190981601446,0,0,0,16238,0,0,0,34558,0,0,0,10054,0,0,0,18388,0,0,0,21466,0,0,2,113548,0,0,0,6130,0,0,0,30616,0,0
10,81932518,rs756936540,T,C,gnomAD Exomes,PASS,NA,c.55+45A>G,,c.55+45A>G,intron_variant,,2,250998,0.000007968190981601446,0,0,0,16238,0,0,0,34558,0,0,0,10054,0,0,0,18388,0,0,0,21466,0,0,0,113548,0,0,0,6130,0,0,2,30616,0,0
10,81932525,rs373193711,G,A,gnomAD Exomes,PASS,NA,c.55+38C>T,,c.55+38C>T,intron_variant,,1,251040,0.000003983428935627788,0,0,0,16236,0,0,0,34558,0,0,0,10060,0,0,0,18384,0,0,0,21500,0,0,1,113556,0,0,0,6130,0,0,0,30616,0,0
10,81932528,rs1196539169,G,A,gnomAD Genomes,NA,PASS,c.55+35C>T,,c.55+35C>T,intron_variant,,1,31364,0.00003188368830506313,0,0,0,8706,0,0,0,846,0,0,0,290,0,0,0,1560,0,0,0,3474,0,0,1,15400,0,0,0,1088,0,0,0,0,0,0
10,81932529,rs1209926166,C,A,gnomAD Exomes,PASS,NA,c.55+34G>T,,c.55+34G>T,intron_variant,,1,251112,0.000003982286788365351,0,0,0,16244,0,0,0,34562,0,0,0,10054,0,0,0,18386,0,0,0,21522,0,0,1,113598,0,0,0,6130,0,0,0,30616,0,0
10,81932531,rs765045449,T,G,gnomAD Exomes,PASS,NA,c.55+32A>C,,c.55+32A>C,intron_variant,,1,251160,0.000003981525720656156,0,0,0,16248,0,0,0,34564,0,0,0,10054,0,0,0,18390,0,0,0,21544,0,0,1,113612,0,0,0,6132,0,0,0,30616,0,0
10,81932539,rs1466884722,C,T,gnomAD Exomes,PASS,NA,c.55+24G>A,,c.55+24G>A,intron_variant,,1,251218,0.000003980606485204086,0,0,0,16246,0,0,0,34560,0,0,0,10054,0,0,0,18386,0,0,0,21580,0,0,1,113644,0,0,0,6132,0,0,0,30616,0,0
10,81932545,rs1193344718,C,G,"gnomAD Exomes,gnomAD Genomes",PASS,PASS,c.55+18G>C,,c.55+18G>C,intron_variant,,3,282630,0.000010614584439019212,0,0,2,24950,0,0,0,35408,0,0,0,10346,0,0,0,19946,0,0,0,25076,0,0,1,129072,0,0,0,7216,0,0,0,30616,0,0
10,81932545,rs1193344718,C,T,gnomAD Exomes,PASS,NA,c.55+18G>A,,c.55+18G>A,intron_variant,,2,251244,0.000007960389103819394,0,0,2,16242,0,0,0,34560,0,0,0,10056,0,0,0,18386,0,0,0,21600,0,0,0,113656,0,0,0,6128,0,0,0,30616,0,0
10,81932547,rs1442059406,C,A,gnomAD Exomes,PASS,NA,c.55+16G>T,,c.55+16G>T,intron_variant,,1,251248,0.000003980131185123862,0,0,0,16248,0,0,0,34562,0,0,0,10058,0,0,0,18392,0,0,0,21588,0,0,1,113656,0,0,0,6128,0,0,0,30616,0,0
10,81932551,rs758028416,A,G,gnomAD Exomes,PASS,NA,c.55+12T>C,,c.55+12T>C,intron_variant,,1,251252,0.000003980067820355659,0,0,1,16246,0,0,0,34564,0,0,0,10060,0,0,0,18392,0,0,0,21598,0,0,0,113648,0,0,0,6128,0,0,0,30616,0,0
10,81932554,rs779679710,C,A,"gnomAD Exomes,gnomAD Genomes",PASS,PASS,c.55+9G>T,,c.55+9G>T,intron_variant,,3,282666,0.000010613232578378723,0,0,1,24952,0,0,0,35412,0,0,0,10348,0,0,0,19950,0,0,0,25074,0,0,0,129096,0,0,0,7218,0,0,2,30616,0,0
10,81932554,rs779679710,C,G,gnomAD Exomes,PASS,NA,c.55+9G>C,,c.55+9G>C,intron_variant,,2,251288,0.000007958995256438828,0,0,0,16250,0,0,0,34564,0,0,0,10058,0,0,2,18390,0,0,0,21600,0,0,0,113680,0,0,0,6130,0,0,0,30616,0,0
10,81932555,rs376805720,C,G,"gnomAD Exomes,gnomAD Genomes",PASS,PASS,c.55+8G>C,,c.55+8G>C,splice_region_variant,,23,282646,0.00008137387403324299,0,0,0,24952,0,0,0,35410,0,0,0,10350,0,0,23,19952,0,0,0,25082,0,0,0,129068,0,0,0,7216,0,0,0,30616,0,0
10,81932555,rs376805720,C,T,"gnomAD Exomes,gnomAD Genomes",PASS,PASS,c.55+8G>A,,c.55+8G>A,splice_region_variant,,13,282646,0.00004599392880139822,0,0,0,24952,0,0,0,35410,0,0,0,10350,0,0,0,19952,0,0,0,25082,0,0,0,129068,0,0,1,7216,0,0,12,30616,0,0
10,81932558,rs747833071,C,G,gnomAD Exomes,PASS,NA,c.55+5G>C,,c.55+5G>C,splice_region_variant,,2,251284,0.000007959121949666512,0,0,0,16248,0,0,0,34564,0,0,0,10062,0,0,0,18392,0,0,0,21610,0,0,2,113664,0,0,0,6128,0,0,0,30616,0,0
10,81932562,rs201390006,C,A,gnomAD Exomes,PASS,NA,c.55+1G>T,,c.55+1G>T,splice_donor_variant,,1,251268,0.000003979814381457249,0,0,0,16248,0,0,1,34558,0,0,0,10058,0,0,0,18390,0,0,0,21618,0,0,0,113654,0,0,0,6126,0,0,0,30616,0,0
10,81932562,rs201390006,C,T,gnomAD Exomes,PASS,NA,c.55+1G>A,,c.55+1G>A,splice_donor_variant,,2,251268,0.000007959628762914497,0,0,0,16248,0,0,0,34558,0,0,0,10058,0,0,2,18390,0,0,0,21618,0,0,0,113654,0,0,0,6126,0,0,0,30616,0,0
10,81932566,rs774616730,G,A,gnomAD Exomes,PASS,NA,p.Pro18Ser,p.Pro18Ser,c.52C>T,missense_variant,,3,251248,0.000011940393555371585,0,0,0,16248,0,0,0,34558,0,0,0,10058,0,0,0,18386,0,0,0,21618,0,0,2,113638,0,0,0,6126,0,0,1,30616,0,0
10,81932566,rs774616730,G,T,gnomAD Exomes,PASS,NA,p.Pro18Thr,p.Pro18Thr,c.52C>A,missense_variant,,1,251248,0.000003980131185123862,0,0,0,16248,0,0,0,34558,0,0,0,10058,0,0,0,18386,0,0,0,21618,0,0,1,113638,0,0,0,6126,0,0,0,30616,0,0
10,81932570,rs746072698,A,G,"gnomAD Exomes,gnomAD Genomes",PASS,PASS,p.Ala16Ala,c.48T>C(p.=),c.48T>C,synonymous_variant,,3,282650,0.000010613833362816204,0,0,3,24954,0,0,0,35408,0,0,0,10348,0,0,0,19950,0,0,0,25094,0,0,0,129068,0,0,0,7212,0,0,0,30616,0,0
10,81932573,rs145277910,T,C,gnomAD Exomes,PASS,NA,p.Pro15Pro,c.45A>G(p.=),c.45A>G,synonymous_variant,,5,251296,0.0000198968547052082,0,0,0,16250,0,0,0,34558,0,0,0,10060,0,0,0,18390,0,0,0,21626,0,0,5,113670,0,0,0,6126,0,0,0,30616,0,0
10,81932578,rs1463010978,G,A,gnomAD Genomes,NA,PASS,p.Pro14Ser,p.Pro14Ser,c.40C>T,missense_variant,,1,31374,0.00003187352584942946,0,0,0,8708,0,0,0,848,0,0,0,290,0,0,0,1560,0,0,0,3474,0,0,0,15406,0,0,1,1088,0,0,0,0,0,0
10,81932580,rs775496121,T,C,gnomAD Exomes,PASS,NA,p.Tyr13Cys,p.Tyr13Cys,c.38A>G,missense_variant,,1,251272,0.000003979751026775765,0,0,0,16250,0,0,0,34558,0,0,0,10052,0,0,0,18386,0,0,0,21626,0,0,1,113658,0,0,0,6126,0,0,0,30616,0,0
10,81932592,rs761253330,G,A,gnomAD Exomes,PASS,NA,p.Pro9Leu,p.Pro9Leu,c.26C>T,missense_variant,,1,251278,0.000003979655998535487,0,0,0,16250,0,0,0,34564,0,0,0,10056,0,0,0,18388,0,0,0,21622,0,0,1,113660,0,0,0,6126,0,0,0,30612,0,0
10,81932592,rs761253330,G,T,gnomAD Exomes,PASS,NA,p.Pro9His,p.Pro9His,c.26C>A,missense_variant,,1,251278,0.000003979655998535487,0,0,1,16250,0,0,0,34564,0,0,0,10056,0,0,0,18388,0,0,0,21622,0,0,0,113660,0,0,0,6126,0,0,0,30612,0,0
10,81932593,rs768974541,G,A,gnomAD Exomes,PASS,NA,p.Pro9Ser,p.Pro9Ser,c.25C>T,missense_variant,,1,251232,0.000003980384664373965,0,0,0,16248,0,0,1,34558,0,0,0,10052,0,0,0,18384,0,0,0,21614,0,0,0,113644,0,0,0,6124,0,0,0,30608,0,0
10,81932594,rs1021680729,C,T,"gnomAD Exomes,gnomAD Genomes",PASS,PASS,p.Pro8Pro,c.24G>A(p.=),c.24G>A,synonymous_variant,,6,282558,0.000021234578387446116,0,0,2,24950,0,0,0,35404,0,0,0,10334,0,0,1,19942,0,0,0,25080,0,0,2,129028,0,0,0,7214,0,0,1,30606,0,0
10,81932595,rs147334030,G,A,"gnomAD Exomes,gnomAD Genomes",PASS,PASS,p.Pro8Leu,p.Pro8Leu,c.23C>T,missense_variant,,1577,282542,0.005581471073327151,9,0,44,24948,0,0,43,35402,0,0,3,10338,0,0,2,19940,0,0,216,25094,2,0,1209,129008,7,0,41,7212,0,0,19,30600,0,0
10,81932599,rs371457755,G,T,"gnomAD Exomes,gnomAD Genomes",PASS,PASS,p.Pro7Thr,p.Pro7Thr,c.19C>A,missense_variant,,7,282580,0.000024771746054214735,0,0,7,24952,0,0,0,35402,0,0,0,10344,0,0,0,19946,0,0,0,25094,0,0,0,129026,0,0,0,7212,0,0,0,30604,0,0
10,81932602,rs765672412,A,T,gnomAD Exomes,PASS,NA,p.Tyr6Asn,p.Tyr6Asn,c.16T>A,missense_variant,,3,251170,0.000011944101604490983,0,0,0,16246,0,0,0,34546,0,0,0,10050,0,0,0,18386,0,0,0,21618,0,0,3,113598,0,0,0,6122,0,0,0,30604,0,0
10,81932615,rs140804022,C,T,gnomAD Exomes,PASS,NA,p.Met1?,p.Met1?,c.3G>A,start_lost,,2,251112,0.000007964573576730701,0,0,1,16248,0,0,0,34554,0,0,0,10046,0,0,1,18384,0,0,0,21616,0,0,0,113544,0,0,0,6118,0,0,0,30602,0,0
10,81932617,rs756045736,T,TG,"gnomAD Exomes,gnomAD Genomes",PASS,PASS,c.-1dupC,,c.-1dupC,5_prime_UTR_variant,,32,282388,0.00011331926285819511,0,0,1,24950,0,0,26,35398,0,0,0,10338,0,0,0,19948,0,0,0,25074,0,0,3,128892,0,0,2,7200,0,0,0,30588,0,0
10,81932619,rs750140014,GT,G,gnomAD Exomes,PASS,NA,c.-3delA,,c.-3delA,5_prime_UTR_variant,,1,251062,0.000003983079876683847,0,0,0,16248,0,0,1,34550,0,0,0,10052,0,0,0,18390,0,0,0,21598,0,0,0,113520,0,0,0,6116,0,0,0,30588,0,0
10,81932619,rs750140014,G,A,gnomAD Exomes,PASS,NA,c.-2C>T,,c.-2C>T,5_prime_UTR_variant,,1,251062,0.000003983079876683847,0,0,0,16248,0,0,0,34550,0,0,0,10052,0,0,0,18390,0,0,0,21598,0,0,1,113520,0,0,0,6116,0,0,0,30588,0,0
10,81932624,rs762653819,A,G,gnomAD Exomes,PASS,NA,c.-7T>C,,c.-7T>C,splice_region_variant,,1,250942,0.000003984984578109683,0,0,0,16244,0,0,0,34538,0,0,0,10024,0,0,0,18386,0,0,0,21598,0,0,0,113462,0,0,0,6114,0,0,1,30576,0,0
10,81932625,rs766011052,T,C,gnomAD Exomes,PASS,NA,c.-8A>G,,c.-8A>G,splice_region_variant,,7,250924,0.000027896893083164623,0,0,0,16246,0,0,0,34536,0,0,0,10026,0,0,0,18382,0,0,0,21592,0,0,7,113456,0,0,0,6114,0,0,0,30572,0,0
10,81932627,rs750977204,T,C,gnomAD Exomes,PASS,NA,c.-8-2A>G,,c.-8-2A>G,splice_acceptor_variant,lc_lof,1,250802,0.000003987209033420786,0,0,0,16244,0,0,0,34502,0,0,0,10010,0,0,0,18374,0,0,0,21590,0,0,1,113398,0,0,0,6110,0,0,0,30574,0,0
10,81932632,rs754949543,G,A,"gnomAD Exomes,gnomAD Genomes",PASS,PASS,c.-8-7C>T,,c.-8-7C>T,splice_region_variant,,2,282188,0.000007087473599160843,0,0,0,24956,0,0,0,35360,0,0,0,10306,0,0,0,19940,0,0,0,25054,0,0,2,128830,0,0,0,7196,0,0,0,30546,0,0
10,81932635,rs200915170,A,G,"gnomAD Exomes,gnomAD Genomes",PASS,PASS,c.-18T>C,,c.-18T>C,5_prime_UTR_variant,,7,282006,0.000024822166904250265,0,0,3,24946,0,0,0,35336,0,0,0,10290,0,0,0,19932,0,0,0,25038,0,0,4,128736,0,0,0,7194,0,0,0,30534,0,0
10,81932637,rs752669764,G,C,gnomAD Exomes,PASS,NA,c.-20C>G,,c.-20C>G,5_prime_UTR_variant,,4,250606,0.000015961309785080965,0,0,0,16242,0,0,0,34476,0,0,0,10000,0,0,0,18380,0,0,0,21546,0,0,0,113340,0,0,0,6106,0,0,4,30516,0,0
10,81932639,rs575988291,C,A,gnomAD Exomes,PASS,NA,c.-22G>T,,c.-22G>T,5_prime_UTR_variant,,1,250396,0.000003993674020351763,0,0,0,16240,0,0,0,34458,0,0,0,9986,0,0,0,18378,0,0,0,21534,0,0,1,113192,0,0,0,6106,0,0,0,30502,0,0
10,81932639,rs575988291,C,T,"gnomAD Exomes,gnomAD Genomes",PASS,PASS,c.-22G>A,,c.-22G>A,5_prime_UTR_variant,,2,281776,0.000007097836579410596,0,0,0,24952,0,0,0,35306,0,0,0,10276,0,0,1,19938,0,0,0,25006,0,0,1,128602,0,0,0,7194,0,0,0,30502,0,0
10,81932640,rs373542492,G,A,"gnomAD Exomes,gnomAD Genomes",PASS,PASS,c.-23C>T,,c.-23C>T,5_prime_UTR_variant,,24,281758,0.00008517948026320459,1,0,1,24948,0,0,3,35304,0,0,0,10274,0,0,0,19934,0,0,1,24978,0,0,18,128632,1,0,0,7190,0,0,1,30498,0,0
10,81932644,rs376857095,G,A,gnomAD Exomes,PASS,NA,c.-27C>T,,c.-27C>T,5_prime_UTR_variant,,1,250036,0.000003999424082932057,0,0,0,16226,0,0,0,34408,0,0,1,9950,0,0,0,18370,0,0,0,21486,0,0,0,113054,0,0,0,6084,0,0,0,30458,0,0
10,81932648,rs772221499,A,C,gnomAD Exomes,PASS,NA,c.-31T>G,,c.-31T>G,5_prime_UTR_variant,,3,249778,0.000012010665470938194,0,0,0,16218,0,0,0,34382,0,0,0,9930,0,0,0,18356,0,0,0,21472,0,0,0,112914,0,0,0,6072,0,0,3,30434,0,0
10,81932648,rs772221499,A,G,gnomAD Exomes,PASS,NA,c.-31T>C,,c.-31T>C,5_prime_UTR_variant,,1,249778,0.0000040035551569793976,0,0,0,16218,0,0,0,34382,0,0,0,9930,0,0,0,18356,0,0,0,21472,0,0,0,112914,0,0,0,6072,0,0,1,30434,0,0
10,81932650,rs780108061,T,G,gnomAD Exomes,PASS,NA,c.-33A>C,,c.-33A>C,5_prime_UTR_variant,,1,249572,0.000004006859743881525,0,0,0,16214,0,0,0,34378,0,0,0,9920,0,0,1,18364,0,0,0,21424,0,0,0,112788,0,0,0,6070,0,0,0,30414,0,0
10,81932651,rs747122505,C,T,gnomAD Exomes,PASS,NA,c.-34G>A,,c.-34G>A,5_prime_UTR_variant,,5,249200,0.000020064205457463884,0,0,0,16214,0,0,5,34348,0,0,0,9856,0,0,0,18364,0,0,0,21396,0,0,0,112616,0,0,0,6056,0,0,0,30350,0,0
10,81932653,rs1232290212,G,A,gnomAD Exomes,PASS,NA,c.-36C>T,,c.-36C>T,5_prime_UTR_variant,,1,248984,0.000004016322333965235,0,0,0,16192,0,0,0,34322,0,0,0,9856,0,0,0,18354,0,0,0,21358,0,0,1,112514,0,0,0,6038,0,0,0,30350,0,0
10,81932666,rs1258243293,A,G,gnomAD Exomes,PASS,NA,c.-49T>C,,c.-49T>C,5_prime_UTR_variant,,1,246788,0.000004052060878162633,0,0,0,16160,0,0,0,34120,0,0,0,9604,0,0,0,18302,0,0,0,21066,0,0,0,111466,0,0,0,5964,0,0,1,30106,0,0
10,81932676,rs1423540064,G,A,gnomAD Genomes,NA,PASS,c.-53-6C>T,,c.-53-6C>T,splice_region_variant,,1,31388,0.00003185930929017459,0,0,0,8708,0,0,0,848,0,0,0,290,0,0,0,1560,0,0,0,3474,0,0,1,15422,0,0,0,1086,0,0,0,0,0,0
10,81932680,rs11201972,C,T,gnomAD Genomes,NA,PASS,c.-56-7G>A,,c.-56-7G>A,splice_region_variant,,3609,31360,0.1150829081632653,227,0,860,8698,52,0,205,846,21,0,37,288,4,0,20,1560,1,0,336,3474,17,0,2009,15408,123,0,142,1086,9,0,0,0,0,0
